28 33
72 73
90 93
102 116
125 127
155 169
172 293
320 350
352 358
361 362
365 367
368 369
370 371
372 372
373 374
376 376
378 377
379 379
382 385
384 387
386 389
387 388
389 389
391 391
392 392
392 392
393 393
394 395
395 396
396 397
397 398
398 402
401 403
404 405
410 412
411 411
413 415
417 417
418 420
421 422
422 423
423 423
425 426
427 428
430 431
431 433
436 435
437 438
438 438
439 440
440 444
448 468
472 486
487 488
497 496
499 500
501 509
508 509
515 515
517 519
519 520
522 522
523 524
526 527
529 528
530 530
530 530
530 532
532 533
532 532
533 533
533 533
533 535
534 534
535 535
535 535
537 536
537 537
538 537
537 538
542 540
539 540
539 540
541 542
542 542
543 543
543 543
543 544
544 545
545 546
547 547
550 548
549 548
550 549
550 550
550 551
551 551
552 552
553 554
555 555
554 555
557 556
556 557
560 558
559 560
562 564
565 566
565 567
569 569
569 570
571 573
573 574
574 575
576 579
579 581
582 583
583 583
584 584
586 585
586 585
587 587
588 589
590 590
592 592
592 593
593 595
595 595
595 597
597 601
598 599
600 600
600 600
600 600
601 601
602 602
603 603
604 604
605 607
608 609
610 610
610 611
612 613
614 615
617 619
621 620
621 623
623 622
623 624
624 624
625 628
628 628
628 629
630 632
634 636
636 637
638 637
638 639
641 642
641 643
643 645
646 647
647 648
649 650
649 650
652 654
655 655
658 657
659 659
663 662
663 664
664 665
667 667
667 668
671 671
671 677
677 677
680 680
681 682
682 682
682 682
684 686
686 685
685 687
688 687
691 689
690 692
697 699
702 702
707 708
708 709
709 710
712 712
713 713
713 714
715 713
714 715
714 715
715 717
718 718
719 719
719 720
719 720
720 722
723 723
724 723
723 724
724 726
726 727
727 728
729 730
729 731
732 731
731 732
734 735
735 737
738 738
739 739
745 747
746 749
750 753
754 755
757 758
759 759
762 760
760 760
761 763
763 764
764 768
768 773
774 778
779 779
783 784
784 784
785 785
787 787
789 788
788 789
791 790
791 792
792 791
792 794
795 795
796 796
798 800
800 803
804 806
806 807
808 809
810 809
811 811
813 812
813 814
815 815
816 815
816 816
817 819
818 820
822 822
823 822
822 824
824 825
824 826
827 826
827 829
829 833
832 832
834 833
835 835
834 835
836 836
836 837
838 837
838 838
838 839
843 846
849 850
851 851
852 852
852 852
852 853
853 855
854 855
856 857
857 857
858 859
859 859
860 862
863 863
867 870
869 869
871 870
871 872
872 877
885 887
888 889
890 892
891 891
891 893
895 896
897 897
898 899
899 900
900 900
904 903
904 904
905 906
906 906
907 908
908 909
910 911
910 914
913 914
915 915
915 916
917 921
922 923
924 925
927 926
929 931
932 938
944 947
949 950
950 951
953 954
954 955
956 956
957 960
966 972
971 973
975 977
977 978
980 980
981 983
984 986
985 988
989 990
992 992
994 995
996 996
996 997
998 997
999 998
998 998
1000 1000
999 1000
1000 1000
1001 1001
1002 1003
1004 1004
1007 1006
1007 1007
1009 1009
1010 1011
1010 1012
1014 1018
1019 1019
1019 1019
1020 1021
1021 1022
1022 1022
1024 1024
1025 1025
1025 1026
1027 1027
1027 1028
1028 1029
1029 1028
1030 1030
1030 1031
1031 1031
1031 1033
1033 1032
1032 1032
1033 1034
1034 1034
1035 1035
1036 1038
1039 1037
1040 1040
1041 1042
1041 1041
1043 1042
1043 1043
1045 1044
1045 1045
1046 1048
1047 1049
1053 1056
1056 1063
1063 1064
1065 1068
1072 1074
1073 1077
1078 1084
1084 1088
1090 1093
1093 1094
1095 1095
1095 1096
1096 1099
1098 1098
1098 1099
1100 1101
1101 1102
1103 1104
1109 1109
1109 1111
1111 1112
1113 1115
1115 1115
1116 1116
1116 1117
1118 1118
1119 1119
1120 1121
1121 1122
1123 1124
1124 1125
1126 1127
1128 1127
1128 1127
1127 1130
1129 1129
1129 1129
1131 1132
1131 1132
1133 1135
1135 1136
1135 1137
1136 1136
1137 1138
1140 1141
1140 1142
1143 1141
1143 1142
1142 1142
1142 1143
1144 1143
1143 1144
1145 1144
1144 1146
1146 1146
1147 1147
1148 1149
1149 1150
1150 1150
1151 1151
1152 1154
1154 1155
1156 1156
1155 1155
1156 1156
1157 1158
1159 1160
1162 1162
1162 1162
1163 1164
1167 1167
1167 1168
1168 1168
1168 1169
1171 1172
1174 1174
1175 1174
1174 1175
1177 1177
1178 1178
1178 1178
1179 1180
1180 1181
1183 1182
1183 1184
1183 1184
1185 1187
1187 1186
1187 1187
1187 1187
1188 1189
1189 1190
1191 1191
1193 1192
1193 1193
1194 1194
1196 1197
1198 1200
1201 1203
1204 1204
1207 1207
1209 1210
1211 1212
1213 1216
1214 1215
1217 1217
1217 1218
1220 1220
1220 1223
1222 1224
1227 1228
1228 1228
1229 1228
1229 1231
1231 1230
1230 1231
1230 1231
1231 1233
1232 1233
1234 1234
1235 1235
1235 1236
1239 1238
1239 1240
1240 1240
1242 1242
1243 1243
1244 1245
1243 1244
1244 1244
1245 1245
1246 1245
1247 1247
1246 1247
1250 1249
1250 1252
1252 1253
1255 1255
1257 1256
1257 1258
1260 1260
1260 1260
1264 1264
1264 1265
1266 1266
1267 1268
1268 1269
1269 1270
1271 1270
1270 1272
1271 1281
1281 1281
1283 1282
1283 1285
1285 1291
1293 1296
1296 1298
1299 1302
1303 1316
1320 1321
1323 1328
1331 1332
1332 1333
1334 1336
1337 1338
1342 1342
1345 1344
1345 1346
1346 1347
1348 1348
1349 1350
1352 1354
1354 1356
1357 1359
1362 1364
1364 1366
1366 1368
1367 1369
1370 1371
1371 1371
1372 1373
1372 1375
1376 1378
1378 1380
1378 1379
1379 1380
1380 1380
1381 1382
1384 1389
1388 1391
1393 1394
1396 1397
1398 1398
1399 1401
1402 1403
1402 1403
1402 1403
1403 1404
1405 1404
1404 1406
1406 1405
1405 1406
1407 1406
1407 1407
1406 1407
1407 1408
1408 1409
1409 1410
1409 1410
1411 1411
1411 1411
1413 1412
1413 1413
1413 1413
1415 1415
1415 1414
1415 1415
1416 1416
1416 1417
1417 1418
1418 1418
1418 1419
1420 1420
1423 1424
1425 1425
1427 1427
1428 1430
1434 1435
1438 1438
1438 1439
1439 1439
1442 1442
1442 1445
1445 1444
1449 1450
1449 1449
1449 1450
1451 1453
1452 1454
1454 1456
1456 1456
1457 1457
1458 1458
1458 1458
1458 1461
1458 1459
1459 1460
1460 1461
1462 1462
1462 1462
1463 1463
1464 1464
1464 1464
1465 1465
1467 1466
1466 1466
1467 1467
1468 1468
1468 1469
1469 1470
1470 1471
1472 1474
1474 1476
1475 1476
1476 1477
1477 1478
1479 1478
1480 1480
1480 1482
1484 1489
1492 1494
1495 1496
1496 1497
1498 1498
1499 1499
1500 1500
1500 1502
1502 1503
1503 1506
1508 1508
1508 1509
1510 1511
1511 1512
1514 1514
1515 1514
1517 1518
1520 1521
1522 1521
1523 1525
1524 1525
1526 1528
1528 1529
1530 1531
1531 1532
1532 1532
1533 1534
1535 1534
1537 1536
1536 1538
1537 1538
1538 1541
1540 1540
1541 1541
1544 1542
1543 1544
1543 1544
1544 1545
1545 1546
1548 1548
1547 1547
1549 1549
1551 1550
1551 1550
1552 1552
1554 1554
1559 1559
1559 1560
1564 1564
1565 1566
1566 1568
1567 1568
1568 1569
1574 1574
1575 1575
1578 1585
1589 1595
1596 1601
1607 1609
1610 1613
1618 1618
1621 1621
1623 1624
1623 1625
1625 1624
1626 1625
1626 1627
1628 1628
1629 1633
1632 1634
1635 1635
1635 1640
1641 1642
1643 1643
1643 1645
1644 1644
1644 1645
1647 1645
1646 1647
1647 1647
1647 1650
1648 1648
1650 1653
1653 1652
1656 1654
1655 1656
1656 1656
1657 1658
1659 1660
1660 1660
1660 1661
1661 1661
1661 1663
1663 1663
1663 1664
1665 1665
1665 1666
1666 1665
1666 1666
1666 1666
1667 1666
1667 1668
1668 1669
1668 1670
1669 1669
1669 1669
1670 1670
1670 1671
1670 1672
1671 1672
1673 1672
1673 1673
1674 1675
1674 1674
1675 1676
1675 1675
1676 1677
1678 1677
1677 1678
1679 1678
1680 1679
1679 1680
1681 1680
1681 1682
1684 1684
1683 1683
1684 1684
1685 1685
1686 1687
1687 1687
1687 1688
1688 1688
1688 1690
1690 1691
1691 1692
1692 1693
1694 1693
1693 1694
1696 1698
1698 1697
1698 1698
1698 1699
1698 1700
1701 1701
1702 1702
1702 1702
1703 1702
1703 1703
1705 1704
1705 1706
1705 1705
1706 1706
1706 1706
1707 1708
1708 1708
1709 1710
1711 1711
1711 1711
1711 1712
1713 1713
1714 1715
1715 1715
1715 1716
1717 1718
1720 1719
1719 1721
1722 1722
1722 1724
1724 1725
1725 1727
1726 1726
1727 1727
1727 1728
1728 1728
1729 1730
1729 1730
1732 1731
1734 1733
1732 1732
1733 1734
1735 1735
1736 1735
1736 1736
1738 1739
1739 1742
1744 1744
1744 1745
1746 1748
1748 1749
1748 1750
1751 1751
1752 1752
1753 1755
1757 1759
1760 1760
1760 1766
1763 1767
1767 1769
1773 1775
1780 1784
1784 1788
1788 1788
1788 1790
1790 1791
1792 1792
1794 1793
1793 1795
1797 1798
1798 1799
1800 1801
1800 1803
1801 1803
1802 1803
1805 1804
1805 1807
1808 1809
1812 1811
1811 1813
1814 1814
1816 1816
1818 1820
1821 1823
1825 1826
1828 1827
1827 1830
1830 1830
1832 1832
1834 1836
1836 1836
1838 1839
1841 1841
1843 1843
1845 1845
1848 1850
1850 1852
1852 1855
1855 1857
1856 1857
1858 1859
1859 1861
1861 1862
1861 1864
1864 1868
1870 1870
1872 1880
1885 1887
1891 1900
1902 1905
1904 1904
1906 1905
1910 1910
1912 1912
1914 1915
1916 1917
1918 1920
1920 1921
1922 1924
1925 1932
1970 1992
2002 2004
2021 2025
2043 2055
2057 2067
2079 2115
2119 2121
2122 1171
1164 1129
1135 1123
1121 1084
1087 1102
1103 1079
1317 1159
1069 1229
1223 957
957 943
941 946
932 941
1132 1133
925 1125
1139 933
1123 1123
1138 925
1114 1126
1128 1128
1129 1133
1116 1119
1101 1124
1115 1125
1127 1102
1104 1103
1105 1109
1128 1104
1106 1128
1090 1109
1129 1110
1109 1111
1130 1110
1090 1124
344 334
333 361
333 395
329 335
324 304
401 344
342 335
337 817
275 818
820 821
304 823
826 815
828 810
272 814
259 827
810 817
825 819
826 822
1037 1040
766 1180
1171 1173
1153 1178
1207 1202
1160 1182
284 959
308 282
869 320
330 290
659 292
1172 1173
662 295
315 1174
1200 848
1198 1030
1173 1187
333 930
1144 1150
1197 312
977 1010
1149 1151
405 1150
1152 340
658 1138
1154 1137
1139 1154
973 992
994 1135
1134 323
1133 1135
1154 1156
1158 1156
1144 1157
1159 986
1152 1158
1160 1189
1159 1161
1149 1160
1162 1183
1185 1129
1147 1163
1181 1178
1179 1127
1165 1180
1162 1164
1176 1163
1174 1172
1107 1109
1171 1173
1157 1131
1155 1158
1157 1133
1154 892
900 1149
1137 876
1110 1139
1133 1115
568 899
880 1032
1101 1118
1028 1100
1102 568
1104 887
544 1106
1118 876
1108 878
1107 1109
1040 1117
1119 299
301 1115
690 1096
1137 687
1108 1111
611 692
1153 688
605 1092
1047 1144
1107 1108
1110 1143
1050 1105
1111 1131
1156 1133
1137 1156
1108 246
1104 1146
1105 1148
1175 1158
1159 1131
1151 457
1161 934
1151 932
1162 931
1158 251
930 1062
918 928
1158 924
955 246
951 1155
942 957
1059 1076
256 1163
960 941
558 964
1167 965
1157 1159
1163 938
965 1161
458 1160
938 939
936 945
964 951
962 1038
956 961
505 933
1182 505
547 324
1165 326
547 1114
1113 1115
1114 1117
352 354
574 1119
904 1012
293 750
752 754
1103 1080
742 755
1109 1102
1106 293
757 1081
1099 1111
746 758
1082 747
997 752
913 571
233 755
848 303
293 262
568 575
226 297
1253 111
231 233
877 937
952 1084
104 110
947 949
944 1223
870 947
958 255
290 769
1224 102
270 1226
844 958
1215 1234
294 867
937 1217
1226 938
279 947
950 1219
771 1222
949 1220
770 1222
853 1223
855 209
92 208
325 91
289 939
298 286
789 287
55 84
287 293
198 285
46 289
295 294
296 203
291 288
786 806
203 915
184 252
185 296
240 285
290 817
244 297
815 295
803 810
174 289
798 815
292 362
797 798
229 791
801 351
365 815
812 804
807 808
297 892
897 855
888 854
856 840
858 857
859 862
259 863
885 257
894 850
895 865
855 866
865 894
340 388
856 881
292 315
341 381
221 166
860 847
865 891
288 313
871 249
853 241
312 317
248 240
244 254
855 234
290 259
857 868
263 907
159 263
259 254
861 157
249 265
552 258
259 863
226 917
250 245
266 228
241 236
525 231
468 925
267 497
266 483
221 844
957 934
961 230
226 947
836 426
306 434
449 443
142 979
983 986
443 442
434 976
990 434
448 992
437 445
991 423
428 994
439 452
124 432
983 134
422 433
429 431
443 988
436 445
446 437
445 448
447 449
449 396
454 395
386 397
1004 1014
458 1010
581 586
396 393
587 464
589 381
111 603
382 583
602 581
620 625
1040 1043
579 597
112 598
113 108
605 117
571 102
580 575
60 99
1048 70
93 86
486 118
1051 86
101 108
103 113
99 106
121 83
98 100
118 147
110 82
160 115
89 82
1061 84
159 86
88 87
95 1183
1065 1188
1188 89
447 18
107 418
427 1171
442 1176
410 894
1179 91
1183 369
427 454
426 1187
423 425
363 387
410 418
1189 358
412 414
375 377
384 981
87 372
374 376
378 375
97 374
869 366
373 367
121 361
872 161
925 952
26 352
375 369
944 355
950 86
358 361
363 922
149 939
923 935
929 949
1101 939
1100 939
946 910
456 462
463 457
458 47
455 1174
45 1166
451 452
873 1164
1245 497
14 24
503 1248
165 519
16 1251
1252 863
1257 490
1252 1263
1129 333
1132 1269
1252 1257
528 1273
1296 1104
69 1098
1263 329
536 335
1269 635
1296 29
570 1299
73 1159
1166 325
592 1158
1160 1302
660 1164
331 519
673 1105
323 603
1308 329
83 554
948 1311
167 667
962 1319
668 1103
675 1097
318 1122
1317 325
327 668
1112 1120
1157 668
669 1119
158 324
1093 1126
666 1121
1123 668
1157 667
669 676
532 659
666 553
1162 668
311 677
1162 125
182 319
560 659
668 310
1177 317
677 659
96 668
1335 901
1336 260
125 307
659 668
677 1161
1339 99
312 668
262 659
677 1342
669 1185
92 1344
320 1351
1354 109
678 1183
659 311
668 1175
57 985
84 671
289 319
669 678
853 365
670 359
659 667
363 350
669 61
278 286
850 63
352 218
845 1352
224 226
918 669
87 208
670 673
924 655
23 925
171 649
215 125
1359 643
678 266
158 637
229 1361
682 1363
224 322
676 677
686 671
130 667
668 670
672 742
669 950
665 670
33 128
664 662
665 693
641 229
639 657
38 286
44 634
232 651
51 173
632 646
171 630
643 648
172 322
332 642
645 923
1365 35
639 634
1365 309
683 642
181 176
637 1366
644 669
198 640
645 663
643 647
642 166
643 657
1369 167
311 73
138 646
74 650
649 651
39 128
106 453
455 74
434 14
443 210
434 213
200 439
275 281
137 315
337 2187
16 2192
309 349
439 2208
313 245
243 17
349 536
1992 1393
541 546
552 2191
542 537
542 125
408 467
403 1397
217 537
542 1399
219 411
136 223
549 219
552 227
502 553
579 2162
22 403
231 555
216 2164
222 226
219 221
223 14
58 568
339 370
573 341
499 344
328 343
1978 324
377 470
119 327
343 1622
493 586
473 592
1622 1633
467 472
480 491
330 386
388 390
511 1633
394 470
471 498
510 384
386 472
475 468
384 476
478 377
382 471
336 383
479 379
387 474
480 483
485 338
477 486
384 488
1600 479
487 489
382 1622
1641 1627
489 491
500 1633
494 1634
499 1522
817 14
1635 784
24 595
783 26
28 592
776 816
2117 815
791 793
796 1536
1865 772
1539 2082
815 2081
128 585
1542 709
2073 703
814 1553
2087 582
796 800
766 2081
574 2067
572 2075
567 636
696 791
814 633
653 686
719 718
2067 582
660 729
813 1552
558 574
561 1975
108 771
136 565
777 567
571 782
589 689
2004 138
592 628
1617 580
782 582
590 1994
585 589
1600 1940
1940 1936
1601 1914
1936 1933
1935 1931
1934 1581
1930 1932
1930 1061
1053 1058
1938 1016
1581 1930
1018 1888
1898 1946
854 1937
855 1927
1955 1931
1923 1552
826 1917
1963 1944
1935 1939
1948 1910
1931 1953
1968 1905
1655 1940
1925 1939
1944 1941
1942 1946
1956 1918
1944 1947
1940 1945
1957 1969
1911 1915
1945 1913
1946 1908
1914 1942
1932 1956
1706 1944
1968 1943
1966 1926
1952 1954
1967 1950
1956 1897
1944 1949
1951 1920
1623 1895
1963 809
1623 1947
1956 803
1139 802
1720 1950
71 78
1467 1709
72 40
1587 1724
41 99
1590 1734
1982 1749
1753 1735
1925 41
1739 32
34 33
1979 32
1850 1856
1762 1855
1976 61
68 138
63 62
1799 63
1845 2019
148 1769
1850 1862
1630 2055
31 149
144 1626
42 138
141 1759
135 150
2067 131
1836 93
128 145
137 141
1841 142
1638 130
140 141
152 1633
143 1759
2117 144
140 144
155 47
142 1735
1762 34
132 1753
143 1736
2135 55
1720 157
1756 1825
70 133
1747 1765
29 63
128 1754
1758 145
1714 1758
1724 1728
159 1726
1750 1760
1821 68
1727 1759
1768 1929
1726 1933
135 1649
2139 147
1707 1718
161 1753
1762 1771
29 1645
1729 136
2139 149
1701 2132
1712 1816
2131 1722
1756 1765
1774 163
1822 1695
138 151
1648 1707
1759 1716
1768 1777
1689 165
2139 139
1700 2146
1710 1763
1771 2147
1780 1682
153 167
1693 1766
141 1677
1704 1774
1783 155
170 1671
1688 1697
1777 1785
1668 1769
143 157
1681 2133
2138 1691
1772 1781
1788 172
1664 144
173 1660
1676 1782
1784 81
1685 1783
1798 159
174 1657
1777 2140
1669 1679
1784 145
2133 2139
162 1651
142 176
1662 137
1673 1792
131 147
1644 85
178 1656
1666 148
1793 1638
165 1649
162 1660
86 159
163 1632
156 160
153 202
2140 1643
2132 2134
1654 87
125 135
141 146
1625 138
1636 129
1647 87
132 1620
2141 1631
97 1641
1624 1623
1625 1635
1622 1620
1618 113
149 1629
145 117
1612 139
1614 120
2141 186
127 177
181 1825
2148 121
2144 142
1589 143
133 2067
135 191
2228 2222
2225 2230
197 2217
2225 137
2213 138
2210 2222
2218 2201
2215 2197
2194 166
2143 2203
2190 2205
149 2204
2141 2073
2206 2138
2202 2190
2199 2135
2188 2196
2066 2192
2185 2189
2182 2179
2176 2182
2179 2176
2168 2143
2166 2173
2162 2169
1878 2166
2159 2163
2079 2152
2160 2150
2156 2146
2153 2150
2143 2140
2147 2143
2140 2133
2130 2137
2126 2133
2115 2124
2130 2116
2127 2120
2117 1847
2123 2125
2106 2121
2109 2123
2110 2111
2117 2126
2123 1820
2135 2133
1807 2135
2138 1606
2143 1997
2146 1987
2139 1985
2149 2142
1988 1991
2151 1990
2146 1992
2154 2150
1636 2037
1724 1494
1711 1696
1693 1675
1664 1662
1652 1641
1606 1609
1610 1598
