0  66.2086 -32.9079 0 1 0 0
163  67.7583 -34.6424         0         0         0 -0.505845
183  68.4999 -35.3741         0         0         0 -0.473849
406  66.7946 -33.8843         0         0         0 -0.512528
544   42.163 -14.8085         0         0         0 -0.221425
634  75.3976 -40.0151         0         0         0 -0.165048
738   60.206 -15.1157         0         0         0 -0.580703
1160  65.2109 -30.3268         0         0         0 -0.837593
1319  64.6369 -31.1974         0         0         0 -0.447953
1506  67.4788 -34.3381         0         0         0 -0.262744
1530   68.383 -35.2499         0        -0        -0 -0.869694
1730  68.9386 -35.8558          0          0          0 -0.0148403
1742  71.1418 -38.0732        0        0        0 -0.32237
1829 82.5003 -49.469         0         0         0 0.0261769
1859  83.2042 -50.4135         0         0         0 -0.336637
1883  83.2554 -50.4987         0         0         0 -0.477159
