 66.2086 -32.9079 0 1 0 0
 67.7583 -34.6424         0         0         0 -0.505845
 68.4999 -35.3741         0         0         0 -0.473849
 66.7946 -33.8843         0         0         0 -0.512528
  42.163 -14.8085         0         0         0 -0.221425
 75.3976 -40.0151         0         0         0 -0.165048
  60.206 -15.1157         0         0         0 -0.580703
 65.2109 -30.3268         0         0         0 -0.837593
 64.6369 -31.1974         0         0         0 -0.447953
 67.4788 -34.3381         0         0         0 -0.262744
  68.383 -35.2499         0        -0        -0 -0.869694
 68.9386 -35.8558          0          0          0 -0.0148403
 71.1418 -38.0732        0        0        0 -0.32237
82.5003 -49.469         0         0         0 0.0261769
 83.2042 -50.4135         0         0         0 -0.336637
 83.2554 -50.4987         0         0         0 -0.477159
