     0.882     -0.019          0          0          0 -0.0261769
  0.936325 -0.0209767          0          0          0 -0.0261769
   1.24625 -0.0361914          0          0          0 -0.0261769
   1.42684 -0.0449303          0          0          0 -0.0261769
   1.59552 -0.0526743          0          0          0 -0.0261769
   1.83585 -0.0643342          0          0          0 -0.0261769
   1.92493 -0.0689373          0          0          0 -0.0261769
   2.09245 -0.0766714          0          0          0 -0.0261769
   2.17784 -0.0800483          0          0          0 -0.0261769
   2.26131 -0.0843189          0          0          0 -0.0261769
   2.42799  -0.092038          0          0          0 -0.0261769
   2.51133 -0.0959797          0          0          0 -0.0261769
   2.59468 -0.0996799          0          0          0 -0.0261769
   2.67995  -0.104037          0          0          0 -0.0261769
   2.93079  -0.116031          0          0          0 -0.0261769
     3.183  -0.127041          0          0          0 -0.0261769
   3.51626  -0.142398          0          0          0 -0.0261769
   3.60303  -0.146761          0          0          0 -0.0261769
   3.76634  -0.154102          0          0          0 -0.0261769
   4.01725   -0.16541          0          0          0 -0.0261769
   4.34838  -0.179476          0          0          0 -0.0261769
   4.44008  -0.183123          0          0          0 -0.0261769
   4.72299   -0.19525          0          0          0 -0.0261769
   4.93922  -0.204131          0          0          0 -0.0261769
   5.10519  -0.211767          0          0          0 -0.0261769
   5.26178  -0.220545          0          0          0 -0.0306688
   5.52417  -0.249947          0          0          0 -0.0849242
   5.77026  -0.293707          0          0          0 -0.0871557
   6.01555  -0.338713          0          0          0 -0.0871557
   6.33987  -0.397677          0          0          0 -0.0871557
    6.4301  -0.413849          0          0          0 -0.0871557
   6.67424  -0.456963          0          0          0 -0.0871557
   6.99432  -0.515097          0          0          0 -0.0871557
   7.45204  -0.597507          0          0          0 -0.0871557
   7.82166   -0.66406          0          0          0 -0.0871557
   7.91055  -0.680333          0          0          0 -0.0871557
   8.07282  -0.709203          0          0          0 -0.0871557
   8.15622  -0.724178          0          0          0 -0.0871557
    8.2366  -0.738091          0          0          0 -0.0871557
   8.48548  -0.782466          0          0          0 -0.0871557
   8.73245  -0.827461          0          0          0 -0.0871557
   8.98048  -0.872466          0          0          0 -0.0871557
   9.22565  -0.917466          0          0          0 -0.0871557
   9.52461  -0.971009          0          0          0 -0.0871557
   9.63659  -0.991726          0          0          0 -0.0871557
   9.71774   -1.00648          0          0          0 -0.0871557
   9.96476   -1.05149          0          0          0 -0.0871557
   10.3774   -1.12673          0          0          0 -0.0871557
  10.9481  -1.26172         0         0         0 -0.188642
 11.1649 -1.38419        0        0        0 -0.32242
  11.3391  -1.56501         0         0         0 -0.458848
  11.4519  -1.78816         0         0         0 -0.584272
  11.4957  -2.03374         0         0         0 -0.697786
   11.497   -2.2867         0         0         0 -0.707107
   11.497  -2.53765         0         0         0 -0.707107
  11.4893  -2.78864         0         0         0 -0.736773
  11.4488  -3.03779         0         0         0 -0.771625
  11.4156  -3.20113         0         0         0 -0.777146
  11.3479  -3.52977         0         0         0 -0.777146
  11.2049  -4.01105         0         0         0 -0.847647
  10.9838  -4.45739         0         0         0 -0.848048
 10.7599 -4.90625        0        0        0 -0.85264
  10.5838  -5.33294         0         0         0 -0.790218
   10.558  -5.56895         0         0         0 -0.682028
  10.5981  -5.75923         0         0         0 -0.568446
   10.705  -5.95497         0         0         0 -0.469472
  10.856 -6.17003        0        0        0 -0.45399
   10.922  -6.25797         0         0         0 -0.414693
   10.826     -6.15         0         0         0 -0.414693
   10.821    -6.144         0         0         0 -0.308456
  10.8214    -6.144         0         0         0 -0.213439
  10.9272  -6.18368         0         0         0 -0.173648
  10.8362  -6.15489         0         0         0 -0.270511
 11.0385 -6.25626        0        0        0 -0.21644
 11.3338 -6.39599        0        0        0 -0.21644
 11.5257 -6.48534        0        0        0 -0.21644
 11.7883 -6.60846        0        0        0 -0.21644
 11.8643 -6.64403        0        0        0 -0.21644
 12.0919 -6.75076        0        0        0 -0.21644
 12.1682 -6.78598        0        0        0 -0.21644
 12.2427 -6.82089        0        0        0 -0.21644
 12.3179 -6.85676        0        0        0 -0.21644
  12.5448   -6.9671         0         0         0 -0.243016
 12.6188 -7.00823        0        0        0 -0.26403
   12.823  -7.15472         0         0         0 -0.361864
  12.9667  -7.28849         0         0         0 -0.366501
  13.1273    -7.439         0         0         0 -0.374607
  13.1872  -7.49562         0         0         0 -0.374607
   13.368  -7.67021         0         0         0 -0.382683
  13.5464   -7.8456         0         0         0 -0.382683
  13.7258  -8.02295         0         0         0 -0.382683
  13.9037  -8.19987         0         0         0 -0.382683
  14.0791  -8.38146         0         0         0 -0.405542
  14.2451  -8.56653         0         0         0 -0.406737
   14.413  -8.75455         0         0         0 -0.406737
  14.5437  -8.90076         0         0         0 -0.406737
  14.7481  -9.12935         0         0         0 -0.406737
  14.9165  -9.31811         0         0         0 -0.406737
  15.0824  -9.50395         0         0         0 -0.406737
  15.2866  -9.73371         0         0         0 -0.406737
  15.5816  -10.0642         0         0         0 -0.406737
  15.7892  -10.2943         0         0         0 -0.398244
  16.1313  -10.5705         0         0         0 -0.243522
  16.3583  -10.6866         0         0         0 -0.233445
  16.5843  -10.7987         0         0         0 -0.224951
  16.8121  -10.8959         0         0         0 -0.166119
  16.9719  -10.9413         0         0         0 -0.097817
   17.2514   -10.9735          0          0          0 -0.0274952
    17.3059    -10.9749           0           0           0 -0.00980702
  17.555 -10.9506        0        0        0 0.111637
  17.797 -10.8789        0        0        0 0.147809
17.9688 -10.828       0       0       0 0.13071
 18.1161 -10.7882        0        0        0 0.130526
  18.357 -10.7233        0        0        0 0.130526
  18.599 -10.6583        0        0        0 0.130526
  18.839 -10.5933        0        0        0 0.130526
  19.081 -10.5312        0        0        0 0.121869
 19.3231 -10.4702        0        0        0 0.121869
  19.568 -10.4088        0        0        0 0.113203
  19.8171  -10.3568         0         0         0 0.0784591
  20.0632  -10.3178         0         0         0 0.0784591
  20.3102  -10.2798         0         0         0 0.0784591
  20.6133  -10.2346         0         0         0 0.0784591
  20.7247  -10.2169         0         0         0 0.0784591
  21.0532  -10.1658         0         0         0 0.0784591
  21.3587  -10.1185         0         0         0 0.0784591
  21.7973  -10.0505         0         0         0 0.0784591
  22.0433  -10.0125         0         0         0 0.0784591
  22.2923  -9.97547         0         0         0 0.0784591
 22.5963 -9.92702        0        0        0  0.08907
 23.0234 -9.81811        0        0        0 0.139173
  23.267 -9.75162        0        0        0 0.139173
 23.5082  -9.6846        0        0        0 0.139173
  23.749  -9.6166        0        0        0 0.139173
  23.989  -9.5496        0        0        0 0.139173
 24.2825 -9.46417        0        0        0 0.147809
 24.7083 -9.33846        0        0        0 0.147809
 25.0052 -9.25194        0        0        0 0.147809
 25.2166 -9.18086        0        0        0 0.180286
 25.4211 -9.10013        0        0        0  0.18353
 25.5795 -9.03688        0        0        0 0.190809
  25.656  -9.0051        0        0        0 0.192115
 25.9351 -8.87304        0        0        0 0.241922
 26.3127 -8.66983        0        0        0 0.241922
 26.4563 -8.59275        0        0        0 0.241922
 26.5347 -8.54997        0        0        0 0.241922
  26.822 -8.39556        0        0        0 0.241922
  26.906  -8.3502        0        0        0 0.241922
 27.1481 -8.22609        0        0        0 0.220127
 27.2082 -8.19952        0        0        0 0.201525
 27.4415 -8.10424        0        0        0 0.190809
 27.5181 -8.07356        0        0        0 0.190809
 27.5956 -8.04312        0        0        0 0.182236
 27.6737 -8.01208        0        0        0 0.182236
 27.8475 -7.94869        0        0        0 0.160037
 27.9105 -7.92873        0        0        0 0.141169
 28.0708 -7.88875        0        0        0 0.104528
 28.1524 -7.87025        0        0        0 0.104528
 28.3136 -7.83484        0        0        0 0.104528
 28.3968 -7.81637        0        0        0 0.104528
  28.641 -7.76235        0        0        0 0.104528
 28.8055 -7.72641        0        0        0 0.104528
 28.8851 -7.70835        0        0        0 0.104528
  29.2059  -7.64114         0         0         0 0.0840504
  29.2986  -7.62782         0         0         0 0.0569244
  29.3828  -7.62125         0         0         0 0.0276099
   29.5499      -7.62          0          0          0 0.00872654
   29.6339      -7.62          0          0          0 0.00872654
29.7997   -7.62       0       0       0       0
29.883  -7.62      0      0      0      0
30.132  -7.62      0      0      0      0
30.3851   -7.62       0       0       0       0
30.7073   -7.62       0       0       0       0
30.805  -7.62      0      0      0      0
30.9616   -7.62       0       0       0       0
31.143  -7.62      0      0      0      0
    31.395   -7.62096          0          0          0 -0.0171167
  31.6431  -7.64081         0         0         0 -0.052336
   31.8902   -7.66778          0          0          0 -0.0607253
  32.1402  -7.70859         0         0         0 -0.112563
  32.3823  -7.77153         0         0         0 -0.130526
  32.6222  -7.83652         0         0         0 -0.130526
  32.8652  -7.91007         0         0         0 -0.173711
  33.0932   -8.0141         0         0         0 -0.233445
  33.3172  -8.12809         0         0         0 -0.233445
  33.4646  -8.20514         0         0         0 -0.244676
  33.5382  -8.24712         0         0         0 -0.267277
  33.7442  -8.38813         0         0         0 -0.309017
 33.9452 -8.53717        0        0        0 -0.31735
  34.1402  -8.69822         0         0         0 -0.366604
  34.3185  -8.87448         0         0         0 -0.382683
  34.4937  -9.04969         0         0         0 -0.382683
  34.6697  -9.22568         0         0         0 -0.382307
 34.8539  -9.3955        0        0        0 -0.34125
 35.0407 -9.52486        0        0        0 -0.24071
  35.2256  -9.59054         0         0         0 -0.104106
   35.4855   -9.64244          0          0          0 -0.0958458
    35.653     -9.673          0          0          0 -0.0958458
   35.8243    -9.7033          0          0          0 -0.0958458
   35.9945   -9.73773          0          0          0 -0.0958458
   36.2347   -9.78397          0          0          0 -0.0958458
   36.4813   -9.83197          0          0          0 -0.0958458
   36.7251   -9.87918          0          0          0 -0.0958458
   36.9722   -9.92598          0          0          0 -0.0871557
   37.2185   -9.96754          0          0          0 -0.0765518
    37.6202    -9.99826           0           0           0 -0.00872654
    37.8727    -10.0033           0           0           0 -0.00872654
    38.1209    -10.0083           0           0           0 -0.00872654
    38.2064    -10.0099           0           0           0 -0.00872654
    38.4573    -10.0149           0           0           0 -0.00872654
    38.7081    -10.0199           0           0           0 -0.00872654
     38.959    -10.0249           0           0           0 -0.00872654
    39.2811    -10.0314           0           0           0 -0.00872654
    39.7124    -10.0399           0           0           0 -0.00872654
    40.2142      -10.05           0           0           0 -0.00872654
    40.7173      -10.06           0           0           0 -0.00872654
   40.9683    -10.065          0          0          0 -0.0173295
   41.2193   -10.0849          0          0          0 -0.0695072
  41.4623  -10.1498         0         0         0 -0.190458
   41.678  -10.2789         0         0         0 -0.334474
  41.8447  -10.4621         0         0         0 -0.470093
  41.9513  -10.6883         0         0         0 -0.595379
   41.987  -10.9334         0         0         0 -0.707107
  41.987  -11.106        0        0        0 -0.71325
  41.9944   -11.462         0         0         0 -0.700909
  41.9981  -11.6905         0         0         0 -0.700909
  42.0031  -11.9388         0         0         0 -0.700909
   42.006  -12.1919         0         0         0 -0.707807
  41.9891  -12.5133         0         0         0 -0.737277
 41.9628 -12.9438        0        0        0 -0.71934
 41.9547 -13.1977        0        0        0 -0.71934
 41.9477 -13.4469        0        0        0 -0.71934
 41.9408 -13.6997        0        0        0 -0.71934
   41.916   -14.341         0         0         0 -0.725374
   41.881  -15.0436         0         0         0 -0.725374
  41.8699  -15.5318         0         0         0 -0.695424
  41.8747   -15.636         0         0         0 -0.694658
  41.8759  -15.6825         0         0         0 -0.694658
  41.8814  -15.8475         0         0         0 -0.694658
  41.8911  -16.1644         0         0         0 -0.694658
  41.8978  -16.3762         0         0         0 -0.694658
  41.8998  -16.4323         0         0         0 -0.694658
  41.9052  -16.6021         0         0         0 -0.694658
  41.9078  -16.6843         0         0         0 -0.694658
  41.9148  -16.9354         0         0         0 -0.694658
  41.9216  -17.1307         0         0         0 -0.689685
  41.9247  -17.1864         0         0         0 -0.688355
  41.9398  -17.3523         0         0         0 -0.659339
  41.9534  -17.4346         0         0         0 -0.637014
  41.9986  -17.6232         0         0         0 -0.615662
  42.0122  -17.6786         0         0         0 -0.615662
  42.0518  -17.8386         0         0         0 -0.615662
  42.054 -17.8665        0        0        0 -0.67559
  42.0928  -18.1687         0         0         0 -0.656059
  42.1278  -18.4147         0         0         0 -0.656059
  42.1628  -18.6627         0         0         0 -0.656059
  42.1978  -18.9128         0         0         0 -0.656059
   42.222  -19.0838         0         0         0 -0.656059
  42.2609  -19.3739         0         0         0 -0.656059
  42.2784  -19.4988         0         0         0 -0.656059
  42.2891  -19.5808         0         0         0 -0.662517
  42.3124  -19.7502         0         0         0 -0.658274
  42.3591  -20.0818         0         0         0 -0.656059
  42.3753  -20.1974         0         0         0 -0.656059
  42.3461  -19.9778         0         0         0 -0.656059
  42.3121  -19.7325         0         0         0 -0.656059
  42.2771   -19.486         0         0         0 -0.656059
  42.2421  -19.2352         0         0         0 -0.656059
   42.213  -19.0298         0         0         0 -0.656059
  42.1836   -18.823         0         0         0 -0.656059
   42.153   -18.608         0         0         0 -0.656059
   42.153   -18.607         0         0         0 -0.656059
  42.0983  -18.2239         0         0         0 -0.656059
  42.0669  -17.9779         0         0         0 -0.669131
  42.0476   -17.786         0         0         0 -0.669131
  42.0253  -17.5591         0         0         0 -0.676737
  42.0195  -17.4779         0         0         0 -0.681998
  42.0036  -17.2242         0         0         0 -0.681998
  41.9836  -16.9761         0         0         0 -0.681998
   41.977  -16.7853         0         0         0 -0.709328
 41.9844   -16.56        0        0        0 -0.71934
 41.9877 -16.4751        0        0        0 -0.71934
 41.9977  -16.224        0        0        0 -0.71934
 42.0077 -15.9738        0        0        0 -0.71934
 42.0154 -15.7831        0        0        0 -0.71934
 42.0244  -15.555        0        0        0 -0.71934
 42.0278 -15.4728        0        0        0 -0.71934
 42.0378 -15.2199        0        0        0 -0.71934
 42.0459 -15.0196        0        0        0 -0.71934
   42.053  -14.8554         0         0         0 -0.724042
  42.065 -14.5308        0        0        0 -0.71934
 42.0631 -14.6227        0        0        0 -0.71934
   42.057  -14.8683         0         0         0 -0.707452
    42.06  -14.9909         0         0         0 -0.650196
    42.06   -14.993         0         0         0 -0.538527
    42.06   -14.993         0         0         0 -0.447795
    42.06   -14.993         0         0         0 -0.268601
    42.06   -14.993         0         0         0 -0.123264
     42.06    -14.993          0          0          0 -0.0261769
   42.2083    -15.001          0          0          0 -0.0261769
   42.4573    -15.013          0          0          0 -0.0174524
  42.7044  -15.0061         0         0         0 0.0521063
  42.9531  -14.9632         0         0         0 0.0958458
  43.1984  -14.9161         0         0         0 0.0958458
  43.3624  -14.8835         0         0         0 0.0958458
  43.6094  -14.8345         0         0         0 0.0958458
  43.9384  -14.7697         0         0         0 0.0958458
  44.1855  -14.7217         0         0         0 0.0871557
  44.4325  -14.6778         0         0         0 0.0871557
  44.6785  -14.6348         0         0         0 0.0868958
  44.9255  -14.5958         0         0         0 0.0784591
  45.1746  -14.5608         0         0         0 0.0697565
  45.4225  -14.5258         0         0         0 0.0610485
  45.6746  -14.4948         0         0         0 0.0610485
  45.9246  -14.4656         0         0         0 0.0610485
  46.1767  -14.4356         0         0         0 0.0610485
  46.4103  -14.4075         0         0         0 0.0544513
  46.4931  -14.3976         0         0         0 0.0610485
   46.743  -14.3676         0         0         0 0.0610485
  46.8246  -14.3575         0         0         0 0.0616549
  46.9927   -14.334         0         0         0 0.0697565
  47.1565  -14.3107         0         0         0 0.0784591
 47.3551 -14.2819        0        0        0 0.076396
 48.1441 -14.1431        0        0        0 0.104528
  48.391  -14.091        0        0        0 0.104528
 48.6391  -14.038        0        0        0 0.104528
 48.8832  -13.987        0        0        0 0.104528
 49.1281  -13.935        0        0        0 0.104528
  49.372 -13.8832        0        0        0 0.104528
   49.618  -13.8338         0         0         0 0.0888933
   49.868   -13.803         0         0         0 0.0436194
  50.1172  -13.7806         0         0         0 0.0436194
  50.3671  -13.7596         0         0         0 0.0436194
  50.5346  -13.7444         0         0         0 0.0436194
   50.617  -13.7376         0         0         0 0.0436194
  50.8667  -13.7158         0         0         0 0.0436194
  51.1158  -13.6948         0         0         0 0.0436194
  51.3679  -13.6736         0         0         0 0.0436194
  51.6187  -13.6553         0         0         0 0.0188383
   51.8712   -13.6614          0          0          0 -0.0513059
   52.1192   -13.6913          0          0          0 -0.0610485
   52.3691   -13.7223          0          0          0 -0.0610485
   52.6181   -13.7533          0          0          0 -0.0610485
   52.8663   -13.7853          0          0          0 -0.0610485
   53.1163   -13.8163          0          0          0 -0.0610485
   53.3663   -13.8472          0          0          0 -0.0610485
   53.6144   -13.8783          0          0          0 -0.0610485
   53.8654   -13.9096          0          0          0 -0.0610485
   54.1163   -13.9395          0          0          0 -0.0610485
   54.4483   -13.9806          0          0          0 -0.0610485
    54.529   -13.9905          0          0          0 -0.0610485
    54.613   -14.0015          0          0          0 -0.0610485
   54.8614   -14.0316          0          0          0 -0.0610485
   55.1105   -14.0626          0          0          0 -0.0610485
   55.3584   -14.0926          0          0          0 -0.0610485
   55.6094   -14.1228          0          0          0 -0.0610485
  55.9286  -14.1609         0         0         0 -0.052336
   56.1905   -14.1839          0          0          0 -0.0292351
   56.6073   -14.2079          0          0          0 -0.0348995
   56.8555   -14.2279          0          0          0 -0.0436194
   57.0009   -14.2393          0          0          0 -0.0420401
   57.1085   -14.2479          0          0          0 -0.0436194
   57.3596    -14.268          0          0          0 -0.0436194
   57.6085    -14.288          0          0          0 -0.0436194
   57.8566    -14.308          0          0          0 -0.0436194
   58.1066    -14.328          0          0          0 -0.0436194
   58.3576    -14.348          0          0          0 -0.0436194
   58.6723   -14.3733          0          0          0 -0.0436194
    58.775   -14.3815          0          0          0 -0.0436194
   58.9753   -14.3975          0          0          0 -0.0436194
   59.1077   -14.4081          0          0          0 -0.0436194
   59.3607   -14.4324          0          0          0 -0.0615114
  59.6075  -14.4828         0         0         0 -0.148742
  59.8293  -14.5816         0         0         0 -0.277002
  60.0883  -14.7683         0         0         0 -0.320053
  60.2341  -14.8869         0         0         0 -0.351104
  60.4065  -15.0712         0         0         0 -0.447919
  60.5184  -15.2802         0         0         0 -0.573968
  60.5296   -15.312         0         0         0 -0.398749
  60.7714  -15.5683         0         0         0 -0.373816
  60.9276  -15.7024         0         0         0 -0.298259
   60.939   -15.709         0         0         0 -0.165048
  61.0016  -15.7308         0         0         0 -0.165048
  61.2283  -15.8071         0         0         0 -0.165048
 61.4519  -15.882        0        0        0 -0.14661
   61.4811     -15.89          0          0          0 -0.0835296
   61.4958     -15.89          0          0          0 0.00995778
   61.671  -15.8852         0         0         0 0.0174524
  61.9219  -15.8764         0         0         0 0.0174524
  62.0732  -15.8703         0         0         0 0.0174524
  62.3443  -15.8606         0         0         0 0.0174524
  62.6753  -15.8482         0         0         0 0.0174524
  63.0036  -15.8363         0         0         0 0.0174524
  63.2612   -15.827         0         0         0 0.0174524
  63.4312  -15.8211         0         0         0 0.0174524
  63.5981  -15.8146         0         0         0 0.0174524
  63.9332  -15.8031         0         0         0 0.0174524
  64.0826  -15.7973         0         0         0 0.0174524
  64.2598  -15.7913         0         0         0 0.0174524
  64.4971  -15.7828         0         0         0 0.0174524
  64.6032  -15.7786         0         0         0 0.0194054
  64.6864  -15.7752         0         0         0 0.0261769
  64.8512  -15.7594         0         0         0 0.0649628
  64.9335  -15.7477         0         0         0 0.0784591
  65.2425  -15.6991         0         0         0 0.0784591
  65.3481  -15.6824         0         0         0 0.0784591
  65.5951  -15.6434         0         0         0 0.0784591
  65.8441  -15.6039         0         0         0 0.0784591
  66.0903  -15.5659         0         0         0 0.0784591
  66.3384  -15.5269         0         0         0 0.0784591
  66.5709  -15.4899         0         0         0 0.0784591
  66.3438  -15.5252         0         0         0 0.0784591
  66.1857    -15.55         0         0         0 0.0784591
  66.0498   -15.556         0         0         0 0.0174524
  65.8174   -15.565         0         0         0 0.0261769
  65.5708   -15.575         0         0         0 0.0261769
  65.3204   -15.585         0         0         0 0.0261769
  65.0705   -15.595         0         0         0 0.0261769
  64.7376  -15.6082         0         0         0 0.0261769
  64.6556  -15.6117         0         0         0 0.0261769
   64.598   -15.614         0         0         0 0.0233245
   64.592   -15.614         0         0         0 0.0784591
  64.4453  -15.6362         0         0         0 0.0784591
  64.2852  -15.6608         0         0         0 0.0784591
  63.9572  -15.7113         0         0         0 0.0784591
  63.7102  -15.7482         0         0         0 0.0694506
  63.4937  -15.7742         0         0         0 0.0610485
  63.4601  -15.7783         0         0         0 0.0613657
  63.1314  -15.8243         0         0         0 0.0697565
  62.9602  -15.8475         0         0         0 0.0603754
  62.7477  -15.8657         0         0         0 0.0261769
  62.6335  -15.8712         0         0         0 0.0261769
   62.461  -15.8792         0         0         0 0.0254854
     62.2113      -15.883            0            0            0 -0.000680129
    62.0959     -15.883           0           0           0 -0.00872654
 61.957 -15.883       0       0       0       0
61.7062 -15.883       0       0       0       0
 61.591 -15.883       0       0       0       0
   61.4349   -15.8757          0          0          0 -0.0261769
   61.1822   -15.8624          0          0          0 -0.0348995
   60.9779     -15.84          0          0          0 -0.0762616
 60.8659 -15.8175        0        0        0 -0.12085
  60.7753  -15.7901         0         0         0 -0.169994
  60.7034  -15.7609         0         0         0 -0.206362
 60.5751 -15.6884        0        0        0  -0.3016
  60.4193  -15.5396         0         0         0 -0.435092
 60.2944 -15.3023        0        0        0  -0.5762
   60.226  -15.0998         0         0         0 -0.580703
    60.31  -15.3541         0         0         0 -0.594823
    60.31   -15.356         0         0         0 -0.687903
    60.31   -15.357         0         0         0 -0.735092
    60.31   -15.358         0         0         0 -0.777146
  60.2928  -15.4634         0         0         0 -0.766044
  60.2604  -15.6494         0         0         0 -0.766044
   60.242  -15.7506         0         0         0 -0.766044
  60.2362  -15.7809         0         0         0 -0.766044
   60.232   -15.804         0         0         0 -0.766044
   60.232   -15.805         0         0         0 -0.777146
   60.223   -15.849         0         0         0 -0.777146
   60.222  -15.8569         0         0         0 -0.777146
  60.2084  -15.9213         0         0         0 -0.777146
  60.1811  -16.0464         0         0         0 -0.777146
  60.1761  -16.0684         0         0         0 -0.777146
   60.169  -16.1069         0         0         0 -0.777146
   60.148   -16.203         0         0         0 -0.777146
   60.123  -16.3179         0         0         0 -0.777146
  60.0949  -16.4432         0         0         0 -0.777146
   60.067  -16.5671         0         0         0 -0.788011
  60.0351  -16.6737         0         0         0 -0.803857
  60.0266  -16.7035         0         0         0 -0.803857
   60.001  -16.7881         0         0         0 -0.803857
  59.9897  -16.8294         0         0         0 -0.803857
  59.9665  -16.9063         0         0         0 -0.803857
  59.9455  -16.9757         0         0         0 -0.803857
  59.9322  -17.0191         0         0         0 -0.803857
  59.8681  -17.2346         0         0         0 -0.803857
  59.8136   -17.427         0         0         0 -0.798635
   59.795  -17.4927         0         0         0 -0.798635
  59.7629  -17.6085         0         0         0 -0.796328
   59.762  -17.6129         0         0         0 -0.798635
   59.762   -17.615         0         0         0 -0.788011
  59.7578  -17.6337         0         0         0 -0.782608
  59.7495  -17.6691         0         0         0 -0.782608
  59.6947  -17.8989         0         0         0 -0.782608
  59.6554  -18.0768         0         0         0 -0.777146
  59.6412  -18.1458         0         0         0 -0.777146
  59.5873  -18.3927         0         0         0 -0.777146
  59.5343  -18.6378         0         0         0 -0.777146
  59.4823  -18.8838         0         0         0 -0.777146
  59.4293  -19.1298         0         0         0 -0.777146
  59.3792  -19.3738         0         0         0 -0.766174
  59.3532  -19.5636         0         0         0 -0.743145
 59.3303 -19.7942        0        0        0 -0.74117
  59.3005  -20.0936         0         0         0 -0.737277
   59.293  -20.1671         0         0         0 -0.737277
 59.2719   -20.38        0        0        0 -0.74303
  59.2469    -20.63         0         0         0 -0.737277
  59.2219   -20.878         0         0         0 -0.737277
  59.2009  -21.1309         0         0         0 -0.731237
  59.195  -21.379        0        0        0 -0.71325
   59.195  -21.6331         0         0         0 -0.707107
   59.195   -21.886         0         0         0 -0.700909
   59.195  -22.0091         0         0         0 -0.700909
 59.2043 -22.1582        0        0        0 -0.67559
  59.2223  -22.4034         0         0         0 -0.681998
  59.2466  -22.6721         0         0         0 -0.669131
  59.2616  -22.8073         0         0         0 -0.669131
  59.2798   -22.976         0         0         0 -0.669131
 59.3007 -23.1726        0        0        0 -0.66262
 59.3208 -23.3422        0        0        0 -0.66262
  59.3527  -23.5658         0         0         0 -0.643344
  59.3814  -23.6813         0         0         0 -0.581886
  59.4321  -23.7922         0         0         0 -0.529919
  59.5077  -23.9504         0         0         0 -0.529919
  59.6133  -24.1714         0         0         0 -0.529919
  59.7231  -24.3972         0         0         0 -0.529919
  59.8321  -24.6232         0         0         0 -0.529919
  59.9421  -24.8501         0         0         0 -0.529919
  60.0531  -25.0752         0         0         0 -0.515344
  60.1799  -25.2913         0         0         0 -0.477159
 60.3179 -25.4994        0        0        0 -0.46205
  60.4717  -25.6955         0         0         0 -0.399364
  60.6526  -25.8697         0         0         0 -0.366501
  60.8401  -26.0421         0         0         0 -0.366501
  61.0632  -26.2606         0         0         0 -0.398749
  61.1921  -26.3991         0         0         0 -0.398749
  61.3621  -26.5821         0         0         0 -0.398749
  61.5331  -26.7641         0         0         0 -0.398749
  61.7022  -26.9472         0         0         0 -0.398749
  61.8722  -27.1292         0         0         0 -0.398749
  62.0444  -27.3145         0         0         0 -0.398749
  62.2545  -27.5399         0         0         0 -0.398749
  62.3288  -27.6189         0         0         0 -0.398749
  62.3865  -27.6806         0         0         0 -0.398749
  62.5565  -27.8626         0         0         0 -0.398749
  62.7255  -28.0456         0         0         0 -0.398749
  62.8976  -28.2297         0         0         0 -0.398749
  63.0696  -28.4116         0         0         0 -0.390731
  63.2446  -28.5917         0         0         0 -0.390731
  63.4007  -28.7517         0         0         0 -0.390731
  63.5126  -28.8678         0         0         0 -0.390731
  63.6802   -29.053         0         0         0 -0.486127
  63.749 -29.1718        0        0        0     -0.5
 63.8825 -29.4041        0        0        0     -0.5
  63.93 -29.487       0       0       0    -0.5
  63.9782  -29.5691         0         0         0 -0.492424
  64.0312  -29.6598         0         0         0 -0.492424
  64.1026  -29.7803         0         0         0 -0.492424
  64.1756  -29.9055         0         0         0 -0.492424
  64.2633  -30.0545         0         0         0 -0.492424
  64.3436  -30.1885         0         0         0 -0.492424
  64.4219  -30.3188         0         0         0 -0.492424
  64.5208  -30.4841         0         0         0 -0.492424
  64.5909  -30.6023         0         0         0 -0.492424
  64.6482  -30.7013         0         0         0 -0.518262
  64.6913  -30.8035         0         0         0 -0.592317
    64.71  -30.9101         0         0         0 -0.698661
  64.6945  -31.0232         0         0         0 -0.796775
  64.6212  -31.1678         0        -0        -0 -0.896298
  64.5898  -31.2042         0        -0        -0 -0.919554
  64.5756  -31.2184         0        -0        -0 -0.938622
   64.574    -31.22         0        -0        -0 -0.963631
   64.572    -31.22         0        -0        -0 -0.978615
  64.494  -31.258        0       -0       -0 -0.97437
  64.4914   -31.258         0        -0        -0 -0.975448
   64.489   -31.258         0        -0        -0 -0.987688
  64.4011   -31.286         0        -0        -0 -0.987688
  64.3415  -31.2989         0        -0        -0 -0.995396
  64.1097  -31.3438         0        -0        -0 -0.995396
  63.8636  -31.3929         0        -0        -0 -0.995396
  63.7815  -31.4097         0        -0        -0 -0.993894
  63.5973  -31.4579         0        -0        -0 -0.988327
  63.3595  -31.5348         0        -0        -0 -0.987688
  63.0667  -31.6327         0        -0        -0 -0.986286
 62.8344   -31.72        0       -0       -0 -0.98218
  62.6546  -31.7912         0        -0        -0 -0.981627
  62.4237  -31.8841         0        -0        -0 -0.981627
  62.2931  -31.9366         0        -0        -0 -0.981627
  62.1385  -32.0011         0        -0        -0 -0.978678
  61.9166  -32.1171         0        -0        -0 -0.960261
 61.7567 -32.2214        0       -0       -0 -0.95882
 61.4973 -32.3928        0       -0       -0 -0.95882
  61.329 -32.5047        0       -0       -0 -0.95882
  61.0799  -32.6691         0        -0        -0 -0.958094
 60.8693 -32.8082        0       -0       -0 -0.95882
  60.7006  -32.9177         0        -0        -0 -0.960607
  60.5181  -33.0339         0        -0        -0 -0.961262
  60.2375  -33.2142         0        -0        -0 -0.961262
  60.0693  -33.3213         0        -0        -0 -0.961262
  59.8833   -33.439         0        -0        -0 -0.961262
  59.8144  -33.4825         0        -0        -0 -0.961262
 59.6975 -33.5568        0       -0       -0 -0.95882
 59.5706 -33.6361        0       -0       -0 -0.95882
  59.3339  -33.7869         0        -0        -0 -0.959335
  59.2828  -33.8226         0        -0        -0 -0.940909
   58.976  -34.1378         0        -0        -0 -0.920505
   58.803  -34.3187         0        -0        -0 -0.920505
  58.6038  -34.5242         0        -0        -0 -0.920505
  58.7634  -34.3597         0        -0        -0 -0.920505
  58.9184  -34.2006         0        -0        -0 -0.920505
  59.1491  -33.9605         0        -0        -0 -0.920505
  59.3105  -33.7953         0        -0        -0 -0.920505
  59.4189  -33.6836         0        -0        -0 -0.920505
   59.527  -33.5721         0        -0        -0 -0.920505
  59.6842   -33.406         0        -0        -0 -0.920505
  59.8286  -33.2567         0        -0        -0 -0.920505
   59.933  -33.1478         0        -0        -0 -0.920505
 60.1102 -32.9648        0       -0       -0 -0.92361
  60.3657  -32.7517         0        -0        -0 -0.948324
  60.5244   -32.631         0        -0        -0 -0.948324
  60.6962  -32.5029         0        -0        -0 -0.953513
  60.8303  -32.4187         0        -0        -0 -0.968526
  61.0179  -32.3188         0        -0        -0 -0.970296
  61.3114  -32.1619         0        -0        -0 -0.970296
  61.4595  -32.0815         0        -0        -0 -0.970296
  61.7544  -31.9249         0        -0        -0 -0.970296
  61.9144  -31.8385         0        -0        -0 -0.970296
  62.1235  -31.7255         0        -0        -0 -0.970296
  62.1974  -31.6859         0        -0        -0 -0.970296
  62.4165  -31.5678         0        -0        -0 -0.970296
  62.6376  -31.4498         0        -0        -0 -0.970296
  62.7961  -31.3649         0        -0        -0 -0.970296
 63.0772 -31.2239        0       -0       -0 -0.97437
 63.1943 -31.1658        0       -0       -0 -0.97437
 63.4143 -31.0579        0       -0       -0 -0.97437
 63.6374 -30.9498        0       -0       -0 -0.97437
 63.8624 -30.8398        0       -0       -0 -0.97437
 64.0884 -30.7288        0       -0       -0 -0.97237
    64.22  -30.6613         0        -0        -0 -0.970296
   64.238   -30.652         0        -0        -0 -0.970296
  64.2411   -30.652         0        -0        -0 -0.965819
   64.242   -30.652         0        -0        -0 -0.899092
  64.2592  -30.5866         0         0         0 -0.793353
   64.309   -30.404         0         0         0 -0.793353
   64.326   -30.337         0         0         0 -0.717429
   64.326   -30.337         0         0         0 -0.608171
   64.326   -30.336         0         0         0 -0.484195
   64.326   -30.336         0         0         0 -0.366501
   64.327   -30.337         0         0         0 -0.374607
   64.327   -30.337         0         0         0 -0.374607
   64.327   -30.337         0         0         0 -0.374607
   64.327   -30.337         0         0         0 -0.374607
   64.327   -30.337         0         0         0 -0.374607
   64.327   -30.337         0         0         0 -0.374607
   64.327   -30.337         0         0         0 -0.374607
   64.327   -30.337         0         0         0 -0.374607
   64.327   -30.337         0         0         0 -0.374607
   64.327   -30.337         0         0         0 -0.374607
   64.327   -30.337         0         0         0 -0.374607
   64.327   -30.337         0         0         0 -0.374607
   64.327   -30.337         0         0         0 -0.374607
   64.327   -30.337         0         0         0 -0.374607
   64.327   -30.337         0         0         0 -0.374607
   64.327   -30.337         0         0         0 -0.374607
   64.327   -30.337         0         0         0 -0.374607
   64.327   -30.337         0         0         0 -0.374607
   64.327   -30.337         0         0         0 -0.374607
   64.327   -30.337         0         0         0 -0.374607
   64.327   -30.337         0         0         0 -0.374607
  64.4971  -30.4978         0         0         0 -0.374607
  64.6769  -30.6688         0         0         0 -0.374607
  64.8572  -30.8411         0         0         0 -0.374607
  65.0382  -31.0141         0         0         0 -0.374607
  65.2069  -31.1761         0         0         0 -0.374607
  65.3876  -31.3501         0         0         0 -0.374607
  65.5676  -31.5238         0         0         0 -0.374607
  65.7489  -31.6991         0         0         0 -0.374607
  65.9302  -31.8736         0         0         0 -0.374607
  66.1114  -32.0485         0         0         0 -0.374607
  66.2913  -32.2226         0         0         0 -0.374607
  66.4714  -32.3957         0         0         0 -0.374607
  66.6522  -32.5685         0         0         0 -0.374607
  66.8321  -32.7414         0         0         0 -0.374607
  67.0123  -32.9155         0         0         0 -0.374607
  67.1496  -33.0448         0         0         0 -0.361527
  67.1974   -33.087         0         0         0 -0.343983
  67.3961   -33.232         0         0         0 -0.260841
  67.5869  -33.3124         0         0         0 -0.117276
  67.603  -33.315        0        0        0 0.162037
 67.8243  -33.237        0        0        0 0.173648
  67.827  -33.237        0        0        0 0.282773
 68.0425 -33.0947        0        0        0 0.284015
 68.2242 -32.9758        0        0        0 0.284015
 68.3938 -32.8664        0        0        0 0.276252
 68.5213 -32.7884        0        0        0 0.267238
 68.6213 -32.7274        0        0        0 0.267238
 68.8146 -32.6099        0        0        0 0.267238
 69.0277 -32.4808        0        0        0 0.267238
 69.2427 -32.3498        0        0        0 0.267238
 69.4587 -32.2188        0        0        0 0.267238
 69.6744 -32.0899        0        0        0 0.267238
 69.8913 -31.9578        0        0        0 0.267238
 70.1024 -31.8257        0        0        0 0.284015
 70.3134 -31.6898        0        0        0 0.275637
 70.5255 -31.5547        0        0        0 0.275637
 70.7293 -31.4258        0        0        0 0.275637
 70.9187 -31.3056        0        0        0 0.284015
 71.1642 -31.1238        0        0        0 0.317305
   71.17   -31.12        0        0        0 0.241098
 70.8534 -31.2944        0        0        0 0.267238
 70.6712 -31.4019        0        0        0 0.265728
 70.4804 -31.5148        0        0        0 0.267238
 70.3311  -31.603        0        0        0 0.258819
 70.3051 -31.6239        0        0        0 0.358368
 69.9553 -31.9327        0        0        0 0.350207
 69.7648 -32.0991        0        0        0 0.350207
 69.5768 -32.2661        0        0        0 0.350207
 69.3887 -32.4311        0        0        0 0.350207
 69.2007 -32.5961        0        0        0 0.350207
 69.0107 -32.7632        0        0        0 0.350207
 68.8237 -32.9281        0        0        0 0.350207
 68.7085  -33.029        0        0        0 0.350207
   68.47  -33.238        0        0        0 0.350207
 68.4185 -33.2832        0        0        0 0.357747
 68.2372 -33.4425        0        0        0 0.350207
  68.112  -33.553        0        0        0 0.349584
   68.11  -33.554        0        0        0 0.291072
   68.11  -33.554        0        0        0 0.179606
    68.11   -33.554         0         0         0 0.0860471
     68.11    -33.554          0          0          0 -0.0206344
     68.11    -33.554          0          0          0 -0.0673055
    68.11   -33.554         0         0         0 -0.117063
    68.11   -33.554         0         0         0 -0.311683
    68.11   -33.554         0         0         0 -0.402575
 68.1106 -33.5548        0        0        0 -0.48481
 68.1912  -33.683        0        0        0 -0.48481
 68.3263 -33.8931        0        0        0 -0.48481
 68.4611 -34.1042        0        0        0 -0.48573
  68.5832  -34.3265         0         0         0 -0.539684
  68.6528  -34.5183         0         0         0 -0.587785
  68.7058  -34.6834         0         0         0 -0.587785
  68.7704  -34.8869         0         0         0 -0.587785
  68.8411   -35.115         0         0         0 -0.587785
  68.9124  -35.3436         0         0         0 -0.594823
   68.997   -35.632         0         0         0 -0.618355
   69.011   -35.701         0         0         0 -0.769475
  69.0092  -35.7046         0         0         0 -0.855426
   68.874  -35.9292         0        -0        -0 -0.870356
  68.7641  -36.0879         0        -0        -0 -0.887011
  68.6469  -36.2531         0        -0        -0 -0.894457
  68.4857  -36.4654         0        -0        -0 -0.896111
  68.3736  -36.6078         0        -0        -0 -0.909217
   68.365   -36.617         0        -0        -0 -0.948324
  68.2497  -36.7033         0        -0        -0 -0.948324
  68.0979  -36.8151         0        -0        -0 -0.951057
   67.995  -36.8909         0        -0        -0 -0.951057
  67.8314   -37.011         0        -0        -0 -0.951057
   67.559  -37.2091         0        -0        -0 -0.951057
  67.1621  -37.5111         0        -0        -0 -0.939778
  66.7609  -37.8298         0        -0        -0 -0.945519
  66.2758  -38.2031         0        -0        -0 -0.945519
  66.0698  -38.3619         0        -0        -0 -0.947476
  66.2757  -38.2035         0        -0        -0 -0.948324
  66.5402  -38.0011         0        -0        -0 -0.948324
  66.7389  -37.8491         0        -0        -0 -0.948324
  66.9392  -37.6951         0        -0        -0 -0.945519
  67.1871  -37.5054         0        -0        -0 -0.948324
  67.4723  -37.2882         0        -0        -0 -0.948324
  67.8724  -36.9822         0        -0        -0 -0.948324
  68.0979  -36.8108         0        -0        -0 -0.948324
  68.2715  -36.6803         0        -0        -0 -0.948072
  68.3351  -36.6316         0        -0        -0 -0.947598
  68.5274  -36.4855         0        -0        -0 -0.948324
   68.569   -36.454         0        -0        -0 -0.893858
   68.521   -36.526         0        -0        -0 -0.878817
  68.7311   -36.208         0        -0        -0 -0.878817
  68.8655  -35.9732         0         0         0 -0.840058
   68.871    -35.96         0         0         0 -0.652962
   68.871    -35.96         0         0         0 -0.402944
   68.871    -35.96         0         0         0 -0.366501
  68.9688  -36.0521         0         0         0 -0.374607
   69.041   -36.119         0         0         0 -0.374607
  69.0481  -36.1252         0         0         0 -0.317305
  69.1559  -36.2096         0         0         0 -0.325568
  69.3408  -36.3535         0         0         0 -0.325568
  69.4554  -36.4433         0         0         0 -0.325568
  69.5555  -36.5215         0         0         0 -0.325568
  69.7123  -36.6432         0         0         0 -0.325568
  70.2171  -37.0351         0         0         0 -0.325568
  70.4834  -37.2432         0         0         0 -0.325568
  70.6833   -37.401         0         0         0 -0.333064
  70.8006  -37.4998         0         0         0 -0.349904
  70.9404  -37.6354         0         0         0 -0.390731
  71.0518  -37.7645         0         0         0 -0.422618
  71.1604  -37.8924         0         0         0 -0.422618
   71.165   -37.897         0         0         0 -0.422618
   71.165   -37.897         0         0         0 -0.422618
   71.165   -37.897         0         0         0 -0.422618
   71.165   -37.897         0         0         0 -0.422618
   71.165   -37.897         0         0         0 -0.422618
   71.165   -37.897         0         0         0 -0.422618
   71.165   -37.897         0         0         0 -0.422618
   71.165   -37.897         0         0         0 -0.422618
   71.165   -37.897         0         0         0 -0.422618
   71.165   -37.897         0         0         0 -0.422618
   71.165   -37.897         0         0         0 -0.422618
   71.165   -37.897         0         0         0 -0.422618
  71.1668  -37.9015         0         0         0 -0.422618
  71.2895  -38.0459         0         0         0 -0.422618
   71.371  -38.1419         0         0         0 -0.422618
  71.4363  -38.2212         0         0         0 -0.422618
  71.5945  -38.4107         0         0         0 -0.422753
  71.7536  -38.6057         0         0         0 -0.430511
  71.9116  -38.8047         0         0         0 -0.446341
  72.0545  -39.0097         0         0         0 -0.469472
  72.1562  -39.1636         0         0         0 -0.469472
  72.1925  -39.2177         0         0         0 -0.477159
  72.3106  -39.3979         0         0         0 -0.479519
  72.3305  -39.4299         0         0         0 -0.484962
 72.4409 -39.6169        0        0        0     -0.5
 72.4584 -39.6478        0        0        0     -0.5
  72.5855  -39.8628         0         0         0 -0.492424
  72.7184  -40.0782         0         0         0 -0.492424
  72.8505  -40.2945         0         0         0 -0.492869
  72.9703  -40.5157         0         0         0 -0.522953
  73.0439  -40.6648         0         0         0 -0.529919
  73.0795  -40.7379         0         0         0 -0.529919
  73.1914  -40.9628         0         0         0 -0.529919
  73.3024  -41.1888         0         0         0 -0.529919
  73.4878  -41.5665         0         0         0 -0.529919
  73.5252  -41.6425         0         0         0 -0.529919
  73.6182  -41.8313         0         0         0 -0.529919
  73.6362  -41.8676         0         0         0 -0.529919
  73.7462  -42.0916         0         0         0 -0.529919
  73.8852  -42.3712         0         0         0 -0.520047
  73.9767  -42.5342         0         0         0 -0.490837
  74.0979  -42.7047         0         0         0 -0.446198
  74.1519  -42.7751         0         0         0 -0.446198
   74.165   -42.792         0         0         0 -0.383528
   74.165   -42.792         0         0         0 -0.196308
    74.165    -42.792          0          0          0 -0.0148403
  74.165  -42.792        0        0        0 0.133175
  74.166  -42.792        0        0        0 0.284015
   74.1672    -42.792          0          0          0 -0.0303925
  74.1699   -42.792         0         0         0 -0.178906
  74.171  -42.793        0        0        0 -0.32237
   74.171   -42.793         0         0         0 -0.522499
  74.2167  -42.8815         0         0         0 -0.515038
  74.2396  -42.9264         0         0         0 -0.515038
  74.3166  -43.0754         0         0         0 -0.522499
   74.333   -43.109         0         0         0 -0.620119
  74.333   -43.11        0        0        0 -0.74164
  74.3051  -43.3058         0         0         0 -0.748956
  74.305   -43.31        0        0        0 -0.75471
   74.305   -43.311         0         0         0 -0.574759
   74.305   -43.311         0         0         0 -0.515116
   74.305   -43.311         0         0         0 -0.430597
  74.3323   -43.338         0         0         0 -0.382683
   74.414   -43.418         0         0         0 -0.382683
  74.5805  -43.5845         0         0         0 -0.382683
  74.7202  -43.7242         0         0         0 -0.382683
 74.8562 -43.8634        0        0        0 -0.39945
  74.9779  -44.0185         0         0         0 -0.477848
  75.0687  -44.2123         0         0         0 -0.594823
  75.1317  -44.4213         0         0         0 -0.594823
   75.212  -44.6937         0         0         0 -0.601815
  75.2358  -44.7747         0         0         0 -0.601815
  75.2552  -44.8418         0         0         0 -0.601815
  75.3902  -45.3119         0         0         0 -0.601815
  75.4646    -45.55         0         0         0 -0.572922
  75.5641   -45.773         0         0         0 -0.521843
  75.6882  -45.9998         0         0         0 -0.507538
 75.8057 -46.2258        0        0        0 -0.53792
  75.9047   -46.455         0         0         0 -0.544639
  76.0056  -46.6858         0         0         0 -0.544639
  76.1108  -46.9146         0         0         0 -0.528038
  76.2378   -47.129         0         0         0 -0.451015
  76.4049  -47.3129         0         0         0 -0.382683
 76.5844 -47.4989        0        0        0 -0.40082
  76.7425  -47.6975         0         0         0 -0.479153
  76.8467   -47.918         0         0         0 -0.597509
   76.884  -48.1583         0         0         0 -0.704052
  76.8506  -48.4015         0         0         0 -0.801304
  76.7499  -48.6353         0         0         0 -0.848048
  76.6372  -48.8649         0         0         0 -0.848048
  76.4319  -49.2803         0         0         0 -0.848048
   76.287  -49.5992         0         0         0 -0.819444
  76.2406  -49.7543         0         0         0 -0.779577
  76.2277  -50.0548         0         0         0 -0.678593
 76.2491  -50.314        0        0        0 -0.67559
  76.2718  -50.5203         0         0         0 -0.653603
  76.4106  -50.9436         0         0         0 -0.494848
  76.5032  -51.0776         0         0         0 -0.446198
  76.6605  -51.2836         0         0         0 -0.446198
  76.8488  -51.5318         0         0         0 -0.446198
  77.0607  -51.8095         0         0         0 -0.446198
  77.1189  -51.8852         0         0         0 -0.446198
  77.2124  -52.0068         0         0         0 -0.446198
   77.322  -52.1475         0         0         0 -0.431024
  77.4832  -52.3282         0         0         0 -0.367523
 77.5109  -52.352        0        0        0 -0.24409
    77.511    -52.352          0          0          0 -0.0545685
  77.5119   -52.352         0         0         0 0.0256159
     77.7  -52.3432         0         0         0 0.0261769
  78.0522  -52.3037         0         0         0 0.0610485
  78.1959  -52.2832         0         0         0 0.0697565
 78.5178 -52.2216        0        0        0 0.139624
 78.6025 -52.1939        0        0        0 0.178792
 78.6789 -52.1625        0        0        0 0.215847
 78.9607 -51.9899        0        0        0 0.284015
 79.1072 -51.8955        0        0        0 0.284015
 79.3162 -51.7595        0        0        0 0.284015
 79.5287 -51.6225        0        0        0 0.284015
 79.7998 -51.4473        0        0        0 0.284015
 79.8797 -51.3955        0        0        0 0.284015
 79.9503 -51.3502        0        0        0 0.284015
 80.2195 -51.1768        0        0        0 0.284015
 80.3713 -51.0791        0        0        0 0.284015
 80.5814 -50.9431        0        0        0 0.284015
 80.7915 -50.8101        0        0        0 0.266961
 81.0732 -50.6551        0        0        0 0.241922
 81.4584 -50.4555        0        0        0 0.215813
 81.6938  -50.364        0        0        0 0.137226
     81.99   -50.3305          0          0          0 -0.0294579
  82.4268  -50.4271         0         0         0 -0.139836
  82.7123  -50.5312         0         0         0 -0.227391
  82.8821  -50.6396         0         0         0 -0.336637
  83.0611  -50.8183         0         0         0 -0.390731
  83.2754  -51.0454         0         0         0 -0.398749
  83.5467  -51.3942         0         0         0 -0.502678
  83.6512  -51.6225         0         0         0 -0.552793
  83.7462  -51.8544         0         0         0 -0.551937
  83.8461  -52.0861         0         0         0 -0.544639
  83.9462  -52.3133         0         0         0 -0.544639
  84.0462  -52.5413         0         0         0 -0.551937
  84.1462  -52.7732         0         0         0 -0.544639
  84.2452  -53.0024         0         0         0 -0.544639
   84.345  -53.2307         0         0         0 -0.544639
  84.4761  -53.5152         0         0         0 -0.519063
   84.715  -53.9569         0         0         0 -0.511733
  84.9561  -54.3986         0         0         0 -0.515038
  85.2017  -54.8501         0         0         0 -0.502624
  85.4323  -55.2132         0         0         0 -0.477159
  85.5693  -55.4246         0         0         0 -0.477159
  85.7066  -55.6341         0         0         0 -0.477159
  85.8436  -55.8432         0         0         0 -0.477159
  85.9806  -56.0522         0         0         0 -0.477159
