     0.882     -0.019          0          0          0 -0.0261769
     0.882     -0.019          0          0          0 -0.0261769
  0.895327 -0.0192959          0          0          0 -0.0261769
   0.99668 -0.0237783          0          0          0 -0.0261769
   1.51114 -0.0489697          0          0          0 -0.0261769
   1.67694 -0.0569364          0          0          0 -0.0261769
   1.76286 -0.0603142          0          0          0 -0.0261769
   1.84389 -0.0646761          0          0          0 -0.0261769
   1.92493 -0.0689373          0          0          0 -0.0261769
   2.09245 -0.0766714          0          0          0 -0.0261769
    2.2499 -0.0838532          0          0          0 -0.0261769
   2.51133 -0.0959797          0          0          0 -0.0261769
   2.59468 -0.0996799          0          0          0 -0.0261769
   2.76306  -0.107323          0          0          0 -0.0261769
   2.84697  -0.111679          0          0          0 -0.0261769
   2.93079  -0.116031          0          0          0 -0.0261769
   3.09706  -0.123024          0          0          0 -0.0261769
     3.183  -0.127041          0          0          0 -0.0261769
   3.34834   -0.13468          0          0          0 -0.0261769
   3.43302  -0.139041          0          0          0 -0.0261769
   3.76634  -0.154102          0          0          0 -0.0261769
   3.85173  -0.157759          0          0          0 -0.0261769
   4.05723   -0.16697          0          0          0 -0.0261769
   4.73601     -0.196          0          0          0 -0.0261769
   4.98537  -0.206023          0          0          0 -0.0261769
   5.10519  -0.211767          0          0          0 -0.0261769
   5.26178  -0.220545          0          0          0 -0.0306688
   5.46306  -0.240648          0          0          0 -0.0701258
   6.09248  -0.352606          0          0          0 -0.0871557
   6.26248  -0.383701          0          0          0 -0.0871557
    6.4301  -0.413849          0          0          0 -0.0871557
    6.5929  -0.442412          0          0          0 -0.0871557
   6.74594   -0.47003          0          0          0 -0.0871557
   6.99432  -0.515097          0          0          0 -0.0871557
   7.25132  -0.561078          0          0          0 -0.0871557
   7.46403  -0.599725          0          0          0 -0.0871557
   7.82166   -0.66406          0          0          0 -0.0871557
   7.99179  -0.695085          0          0          0 -0.0871557
   8.17847  -0.727811          0          0          0 -0.0871557
    8.4244  -0.771472          0          0          0 -0.0871557
   8.80901  -0.841309          0          0          0 -0.0871557
   8.98048  -0.872466          0          0          0 -0.0871557
   9.14247  -0.902345          0          0          0 -0.0871557
   9.22565  -0.917466          0          0          0 -0.0871557
   9.41415  -0.951721          0          0          0 -0.0871557
   9.55505  -0.976601          0          0          0 -0.0871557
   9.71774   -1.00648          0          0          0 -0.0871557
    9.9065   -1.04085          0          0          0 -0.0871557
   10.2646   -1.10619          0          0          0 -0.0871557
  10.6734  -1.18188         0         0         0 -0.106014
  10.9481  -1.26172         0         0         0 -0.188642
  11.3873  -1.64183         0         0         0 -0.505845
  11.4519  -1.78816         0         0         0 -0.584272
   11.497  -2.35067         0         0         0 -0.707107
   11.497  -2.53765         0         0         0 -0.707107
  11.4814  -2.85451         0         0         0 -0.751559
  11.4488  -3.03779         0         0         0 -0.771625
  11.3345  -3.59484         0         0         0 -0.777146
  11.2297  -3.95673         0         0         0 -0.835161
  11.1689  -4.08421         0         0         0 -0.848048
  10.946 -4.53306        0        0        0 -0.85264
  10.7298  -4.96678         0         0         0 -0.848048
  10.5838  -5.33294         0         0         0 -0.790218
  10.5586  -5.48194         0         0         0 -0.730199
  10.5623     -5.61         0         0         0 -0.661615
  10.5981  -5.75923         0         0         0 -0.568446
  10.6706  -5.90417         0         0         0 -0.473849
   10.705  -5.95497         0         0         0 -0.469472
  10.7999  -6.08977         0         0         0 -0.461749
   10.893  -6.22054         0         0         0 -0.451506
   10.922  -6.25797         0         0         0 -0.414693
   10.821  -6.14432         0         0         0 -0.414693
   10.821    -6.144         0         0         0 -0.308577
   10.821    -6.144         0         0         0 -0.258395
  10.8223  -6.14411         0         0         0 -0.207285
  10.9097  -6.17703         0         0         0 -0.173648
  10.9709  -6.19972         0         0         0 -0.173648
  10.8249  -6.14639         0         0         0 -0.181128
 10.8292 -6.15055        0        0        0  -0.2663
 11.0162 -6.24573        0        0        0 -0.21644
 11.1302 -6.29917        0        0        0 -0.21644
 11.2634 -6.36231        0        0        0 -0.21644
 11.4843 -6.46614        0        0        0 -0.21644
  11.711 -6.57185        0        0        0 -0.21644
 11.9394 -6.67915        0        0        0 -0.21644
 12.1174 -6.76267        0        0        0 -0.21644
 12.3944 -6.89291        0        0        0 -0.22337
  12.4692  -6.92888         0         0         0 -0.228767
 12.6188 -7.00823        0        0        0 -0.26403
  12.7591  -7.10106         0         0         0 -0.320555
   12.823  -7.15472         0         0         0 -0.361864
  12.9667  -7.28849         0         0         0 -0.366501
  13.9631  -8.25905         0         0         0 -0.382683
  14.0791  -8.38146         0         0         0 -0.405542
  14.3092  -8.63924         0         0         0 -0.406737
  14.4101  -8.75137         0         0         0 -0.406737
  14.6453  -9.01445         0         0         0 -0.406737
  14.7455  -9.12637         0         0         0 -0.406737
  14.9706  -9.37877         0         0         0 -0.406737
  15.0824  -9.50395         0         0         0 -0.406737
  15.2866  -9.73371         0         0         0 -0.406737
    15.62  -10.1062         0         0         0 -0.406737
  15.9718  -10.4642         0         0         0 -0.332125
  16.1156  -10.5617         0         0         0 -0.252775
  16.4098  -10.7119         0         0         0 -0.232764
  16.8674  -10.9143         0         0         0 -0.146242
   17.0549   -10.9546          0          0          0 -0.0703056
  17.3659  -10.9748         0         0         0 0.0192282
  17.555 -10.9506        0        0        0 0.111637
 17.7443 -10.8951        0        0        0 0.147809
 17.8771 -10.8543        0        0        0 0.147809
 18.1161 -10.7882        0        0        0 0.130526
 18.4121 -10.7083        0        0        0 0.130526
  18.599 -10.6583        0        0        0 0.130526
  18.895 -10.5782        0        0        0 0.129311
 19.0649 -10.5353        0        0        0 0.121869
 19.3794 -10.4562        0        0        0 0.121869
  19.568 -10.4088        0        0        0 0.113203
  19.7246  -10.3736         0         0         0 0.0944742
  19.8729  -10.3479         0         0         0 0.0784591
  20.0632  -10.3178         0         0         0 0.0784591
  20.2176  -10.2946         0         0         0 0.0784591
  20.3654  -10.2718         0         0         0 0.0784591
  20.5561  -10.2428         0         0         0 0.0784591
  20.7516  -10.2126         0         0         0 0.0784591
  20.8882  -10.1914         0         0         0 0.0784591
  21.0532  -10.1658         0         0         0 0.0784591
  21.2103  -10.1415         0         0         0 0.0784591
  21.3587  -10.1185         0         0         0 0.0784591
  21.5501  -10.0885         0         0         0 0.0784591
  21.7426  -10.0584         0         0         0 0.0784591
  21.8783  -10.0373         0         0         0 0.0784591
  22.0433  -10.0125         0         0         0 0.0784591
  22.2382   -9.9833         0         0         0 0.0784591
  22.3752  -9.96205         0         0         0 0.0784591
  22.5412  -9.93647         0         0         0 0.0871557
 22.6936 -9.90734        0        0        0 0.115122
 22.8376 -9.86907        0        0        0 0.132477
  23.068 -9.80627        0        0        0 0.139173
 23.2122 -9.76622        0        0        0 0.139173
 23.3456 -9.72953        0        0        0 0.139173
 23.5385 -9.67637        0        0        0 0.139173
 23.6957 -9.63209        0        0        0 0.139173
 23.8288 -9.59476        0        0        0 0.139173
  23.989  -9.5496        0        0        0 0.139173
 24.1762 -9.49594        0        0        0 0.139209
 24.3087 -9.45616        0        0        0 0.147809
 24.4992 -9.39936        0        0        0 0.147809
 24.6213 -9.36433        0        0        0 0.147809
  24.764 -9.32229        0        0        0 0.147809
 24.9807 -9.25922        0        0        0 0.147809
   25.09 -9.22564        0        0        0 0.156627
 25.2399 -9.17177        0        0        0 0.182236
 25.4211 -9.10013        0        0        0  0.18353
 25.7081  -8.9833        0        0        0 0.201806
 25.9125 -8.88506        0        0        0 0.241922
 26.0344 -8.81999        0        0        0 0.241922
 26.1059 -8.78132        0        0        0 0.241922
 26.3143 -8.66902        0        0        0 0.241922
 26.4607 -8.59033        0        0        0 0.241922
 26.5347 -8.54997        0        0        0 0.241922
 26.6096 -8.50965        0        0        0 0.241922
 26.6838  -8.4693        0        0        0 0.241922
 26.7559  -8.4308        0        0        0 0.241922
 26.9994 -8.30046        0        0        0 0.241922
 27.0542 -8.27216        0        0        0  0.23756
 27.1941 -8.20565        0        0        0 0.206755
 27.4415 -8.10424        0        0        0 0.190809
 27.5181 -8.07356        0        0        0 0.190809
 27.6737 -8.01208        0        0        0 0.182236
 27.8475 -7.94869        0        0        0 0.160037
 27.9105 -7.92873        0        0        0 0.141169
 28.1524 -7.87025        0        0        0 0.104528
 28.3968 -7.81637        0        0        0 0.104528
 28.9587 -7.69211        0        0        0 0.104528
  29.1301  -7.65539         0         0         0 0.0970492
    29.454      -7.62          0          0          0 0.00872654
   29.6312      -7.62          0          0          0 0.00872654
30.4576   -7.62       0       0       0       0
30.636  -7.62      0      0      0      0
30.8228   -7.62       0       0       0       0
30.9616   -7.62       0       0       0       0
31.143  -7.62      0      0      0      0
     31.328       -7.62           0           0           0 -0.00564433
   31.4785   -7.62493          0          0          0 -0.0317775
  31.6431  -7.64081         0         0         0 -0.052336
   31.826  -7.65996         0         0         0 -0.052336
  32.1402  -7.70859         0         0         0 -0.112563
  32.6222  -7.83652         0         0         0 -0.130526
  32.8652  -7.91007         0         0         0 -0.173711
  33.1573  -8.04687         0         0         0 -0.233445
  33.3172  -8.12809         0         0         0 -0.233445
  33.4808  -8.21412         0         0         0 -0.247717
  33.5382  -8.24712         0         0         0 -0.267277
  33.7442  -8.38813         0         0         0 -0.309017
 33.9452 -8.53717        0        0        0 -0.31735
  34.1917  -8.74772         0         0         0 -0.382683
  34.3185  -8.87448         0         0         0 -0.382683
  34.4937  -9.04969         0         0         0 -0.382683
 35.0407 -9.52486        0        0        0 -0.24071
  35.165 -9.57572        0        0        0 -0.14423
  35.2256  -9.59054         0         0         0 -0.104106
   35.4072   -9.62674          0          0          0 -0.0958458
   35.4855   -9.64244          0          0          0 -0.0958458
    35.635   -9.66992          0          0          0 -0.0958458
    35.654     -9.673          0          0          0 -0.0958458
    35.655     -9.673          0          0          0 -0.0958458
   35.8243    -9.7033          0          0          0 -0.0958458
   35.9439   -9.72779          0          0          0 -0.0958458
   36.0711   -9.75258          0          0          0 -0.0958458
   36.2347   -9.78397          0          0          0 -0.0958458
   36.4127   -9.81833          0          0          0 -0.0958458
   36.5629   -9.84798          0          0          0 -0.0958458
   36.7251   -9.87918          0          0          0 -0.0958458
   36.9042   -9.91358          0          0          0 -0.0885309
   36.9722   -9.92598          0          0          0 -0.0871557
   37.1521   -9.95676          0          0          0 -0.0871557
   37.3009   -9.97928          0          0          0 -0.0697565
   37.4511    -9.9937          0          0          0 -0.0279105
     37.663     -9.9991           0           0           0 -0.00872654
    37.9018    -10.0039           0           0           0 -0.00872654
    38.0377    -10.0066           0           0           0 -0.00872654
    38.2064    -10.0099           0           0           0 -0.00872654
    38.3713    -10.0133           0           0           0 -0.00872654
    38.4573    -10.0149           0           0           0 -0.00872654
    38.7925    -10.0216           0           0           0 -0.00872654
    39.2082    -10.0299           0           0           0 -0.00872654
     39.493    -10.0356           0           0           0 -0.00872654
     39.961    -10.0449           0           0           0 -0.00872654
    40.7569    -10.0608           0           0           0 -0.00872654
   41.1379   -10.0747          0          0          0 -0.0466328
  41.3634  -10.1158         0         0         0 -0.136691
   41.538  -10.1853         0         0         0 -0.239108
   41.678  -10.2789         0         0         0 -0.334474
    41.78  -10.3778         0         0         0 -0.412552
   41.887  -10.5323         0         0         0 -0.512528
  41.9596  -10.7196         0         0         0 -0.608714
  41.9827   -10.847         0         0         0 -0.669381
   41.987  -11.0165         0         0         0 -0.711224
   41.987  -11.1089         0         0         0 -0.707107
  41.9897  -11.2448         0         0         0 -0.700909
  41.9931   -11.411         0         0         0 -0.700909
   41.995  -11.5428         0         0         0 -0.700909
  41.9981  -11.6905         0         0         0 -0.700909
   42.001  -11.8323         0         0         0 -0.700909
  42.0048  -12.0244         0         0         0 -0.700909
   42.006  -12.1919         0         0         0 -0.707807
  42.0031  -12.3366         0         0         0 -0.725211
  41.9737  -12.6937         0         0         0 -0.730674
 41.9485 -13.4128        0        0        0 -0.71934
 41.9452 -13.5297        0        0        0 -0.71934
 41.9408 -13.6997        0        0        0 -0.71934
  41.9266  -14.1137         0         0         0 -0.725374
   41.916   -14.341         0         0         0 -0.725374
  41.8975  -14.7282         0         0         0 -0.725374
   41.879  -15.0935         0         0         0 -0.725374
  41.8705  -15.2799         0         0         0 -0.720772
  41.8699  -15.5318         0         0         0 -0.695424
  41.8758  -15.6769         0         0         0 -0.694658
  41.8825   -15.878         0         0         0 -0.694658
  41.8866  -16.0143         0         0         0 -0.694658
   41.892  -16.1894         0         0         0 -0.694658
  41.8972  -16.3478         0         0         0 -0.694658
  41.9011  -16.4905         0         0         0 -0.694658
  41.9071  -16.6662         0         0         0 -0.694658
  41.9128  -16.8795         0         0         0 -0.694658
  41.9148  -16.9354         0         0         0 -0.694658
  41.9205  -17.1042         0         0         0 -0.693093
  41.9353  -17.3176         0         0         0 -0.665603
  41.9398  -17.3523         0         0         0 -0.659339
  41.9534  -17.4346         0         0         0 -0.637014
  41.9986  -17.6232         0         0         0 -0.615662
    42.04  -17.7917         0         0         0 -0.615662
  42.0485  -17.8265         0         0         0 -0.615662
   42.054   -17.858         0         0         0 -0.648999
  42.0541  -17.8691         0         0         0 -0.675968
  42.0865  -18.1245         0         0         0 -0.656059
  42.1198  -18.3571         0         0         0 -0.656059
  42.1278  -18.4147         0         0         0 -0.656059
  42.1566  -18.6182         0         0         0 -0.656059
  42.1628  -18.6627         0         0         0 -0.656059
  42.1916  -18.8681         0         0         0 -0.656059
  42.2205  -19.0719         0         0         0 -0.656059
   42.222  -19.0838         0         0         0 -0.656059
  42.2305  -19.1496         0         0         0 -0.656059
  42.2551  -19.3318         0         0         0 -0.656059
  42.2891  -19.5808         0         0         0 -0.662517
  42.3124  -19.7502         0         0         0 -0.658274
  42.3241  -19.8328         0         0         0 -0.656171
  42.3474  -19.9978         0         0         0 -0.656059
  42.3692  -20.1562         0         0         0 -0.656059
  42.3753  -20.1974         0         0         0 -0.656059
  42.3579  -20.0613         0         0         0 -0.656059
  42.3461  -19.9778         0         0         0 -0.656059
  42.3197   -19.786         0         0         0 -0.656059
  42.2952  -19.6146         0         0         0 -0.656059
  42.2771   -19.486         0         0         0 -0.656059
  42.2252  -19.1164         0         0         0 -0.656059
  42.2068  -18.9861         0         0         0 -0.656059
  42.1836   -18.823         0         0         0 -0.656059
  42.1539  -18.6155         0         0         0 -0.656059
   42.153   -18.607         0         0         0 -0.656059
    42.11  -18.3054         0         0         0 -0.656059
   42.073  -18.0341         0         0         0 -0.669131
  42.0585  -17.8941         0         0         0 -0.669131
  42.0501  -17.8103         0         0         0 -0.669131
  42.0215  -17.5094         0         0         0 -0.681998
   41.977  -16.8109         0         0         0 -0.703135
 41.9844   -16.56        0        0        0 -0.71934
 41.9954 -16.2833        0        0        0 -0.71934
 42.0059 -16.0192        0        0        0 -0.71934
 42.0111 -15.8889        0        0        0 -0.71934
 42.0169 -15.7459        0        0        0 -0.71934
 42.0264 -15.5068        0        0        0 -0.71934
 42.0359 -15.2675        0        0        0 -0.71934
 42.0459 -15.0196        0        0        0 -0.71934
   42.053  -14.8503         0         0         0 -0.719637
 42.0643 -14.5535        0        0        0 -0.71934
  42.0572  -14.9278         0         0         0 -0.698158
    42.06  -14.9905         0         0         0 -0.656526
    42.06   -14.993         0         0         0 -0.496939
    42.06   -14.993         0         0         0 -0.408023
    42.06   -14.993         0         0         0 -0.221425
    42.06   -14.993         0         0         0 -0.123264
     42.06    -14.993          0          0          0 -0.0263975
    42.077   -14.9935          0          0          0 -0.0261769
   42.2083    -15.001          0          0          0 -0.0261769
     42.532     -15.014           0           0           0 -0.00036163
  42.7044  -15.0061         0         0         0 0.0521063
  42.9531  -14.9632         0         0         0 0.0958458
  43.1984  -14.9161         0         0         0 0.0958458
  43.3624  -14.8835         0         0         0 0.0958458
   43.801  -14.7966         0         0         0 0.0958458
  43.9384  -14.7697         0         0         0 0.0958458
  44.1346  -14.7311         0         0         0 0.0958458
  44.2665   -14.707         0         0         0 0.0871557
  44.4325  -14.6778         0         0         0 0.0871557
  44.6278   -14.644         0         0         0 0.0871557
  44.6785  -14.6348         0         0         0 0.0868958
  44.9974  -14.5855         0         0         0 0.0741262
  45.1746  -14.5608         0         0         0 0.0697565
   45.371   -14.533         0         0         0 0.0697555
  45.7334  -14.4885         0         0         0 0.0610485
  45.9712    -14.46         0         0         0 0.0610485
  46.3744   -14.412         0         0         0 0.0609795
  46.4931  -14.3976         0         0         0 0.0610485
  46.8246  -14.3575         0         0         0 0.0616549
  47.2436  -14.2984         0         0         0 0.0784591
  47.4048  -14.2747         0         0         0 0.0784591
  47.8157  -14.2108         0         0         0 0.0968578
  48.391  -14.091        0        0        0 0.104528
 48.7236 -14.0203        0        0        0 0.104528
 48.8832  -13.987        0        0        0 0.104528
 49.0784 -13.9453        0        0        0 0.104528
 49.2099 -13.9177        0        0        0 0.104528
  49.372 -13.8832        0        0        0 0.104528
 49.5794 -13.8407        0        0        0 0.095599
   49.618  -13.8338         0         0         0 0.0888933
  49.8294  -13.8069         0         0         0 0.0436194
   49.868   -13.803         0         0         0 0.0436194
  50.0775  -13.7839         0         0         0 0.0436194
  50.1172  -13.7806         0         0         0 0.0436194
  50.3151  -13.7639         0         0         0 0.0436194
  50.7027  -13.7303         0         0         0 0.0436194
  50.8667  -13.7158         0         0         0 0.0436194
  51.0739  -13.6988         0         0         0 0.0436194
  51.1158  -13.6948         0         0         0 0.0436194
  51.3146  -13.6779         0         0         0 0.0436194
   51.453  -13.6659         0         0         0 0.0436194
  51.6187  -13.6553         0         0         0 0.0188383
   52.3138   -13.7158          0          0          0 -0.0610485
   52.6181   -13.7533          0          0          0 -0.0610485
   52.8253   -13.7803          0          0          0 -0.0610485
   52.8663   -13.7853          0          0          0 -0.0610485
   53.0629   -13.8098          0          0          0 -0.0610485
   53.2002   -13.8264          0          0          0 -0.0610485
   53.3663   -13.8472          0          0          0 -0.0610485
   53.6577   -13.8836          0          0          0 -0.0610485
   54.1163   -13.9395          0          0          0 -0.0610485
   54.3915   -13.9738          0          0          0 -0.0610485
   54.6452   -14.0054          0          0          0 -0.0610485
   54.8931   -14.0354          0          0          0 -0.0610485
    55.137   -14.0658          0          0          0 -0.0610485
   55.3902   -14.0964          0          0          0 -0.0610485
   55.6506   -14.1276          0          0          0 -0.0544078
   55.8955    -14.157          0          0          0 -0.0552112
   56.1363   -14.1807          0          0          0 -0.0348995
   56.3862   -14.1921          0          0          0 -0.0261769
   56.6424   -14.2107          0          0          0 -0.0348995
   56.8961   -14.2311          0          0          0 -0.0369381
   57.1423   -14.2507          0          0          0 -0.0436194
   57.2759   -14.2613          0          0          0 -0.0436194
   57.5259   -14.2813          0          0          0 -0.0436194
   57.6758   -14.2933          0          0          0 -0.0436194
   58.0239   -14.3213          0          0          0 -0.0436194
   58.1981   -14.3353          0          0          0 -0.0436194
   58.3576    -14.348          0          0          0 -0.0436194
    58.573   -14.3653          0          0          0 -0.0436194
   58.7195   -14.3771          0          0          0 -0.0436194
   58.8566   -14.3881          0          0          0 -0.0436194
  59.8627  -14.6041         0         0         0 -0.296472
  60.1044  -14.7808         0         0         0 -0.323389
  60.2341  -14.8869         0         0         0 -0.351104
    60.53  -15.3123         0         0         0 -0.580703
  60.5335  -15.3161         0         0         0 -0.398749
  60.7887  -15.5851         0         0         0 -0.369824
  60.8711  -15.6591         0         0         0 -0.343324
 60.9346 -15.7068        0        0        0 -0.25601
   60.939   -15.709         0         0         0 -0.165048
  61.0016  -15.7308         0         0         0 -0.165048
  61.2495   -15.814         0         0         0 -0.165048
   61.4958     -15.89          0          0          0 0.00995778
  61.5905  -15.8877         0         0         0 0.0174524
   61.671  -15.8852         0         0         0 0.0174524
  61.7552  -15.8825         0         0         0 0.0174524
  62.1749  -15.8664         0         0         0 0.0174524
  62.3443  -15.8606         0         0         0 0.0174524
  62.4253  -15.8574         0         0         0 0.0174524
  62.5943  -15.8506         0         0         0 0.0174524
  63.0036  -15.8363         0         0         0 0.0174524
  63.5157  -15.8179         0         0         0 0.0174524
  63.6825  -15.8113         0         0         0 0.0174524
  64.0074  -15.8003         0         0         0 0.0174524
  64.1961  -15.7938         0         0         0 0.0174524
  64.3829  -15.7871         0         0         0 0.0174524
  64.4971  -15.7828         0         0         0 0.0174524
  64.6839  -15.7753         0         0         0 0.0261769
  64.9335  -15.7477         0         0         0 0.0784591
  65.0993  -15.7214         0         0         0 0.0784591
  65.2425  -15.6991         0         0         0 0.0784591
   65.428  -15.6701         0         0         0 0.0784591
   65.626   -15.639         0         0         0 0.0784591
  65.8441  -15.6039         0         0         0 0.0784591
    66.12  -15.5611         0         0         0 0.0784591
  66.3384  -15.5269         0         0         0 0.0784591
  66.5709  -15.4899         0         0         0 0.0784591
  66.3148  -15.5299         0         0         0 0.0784591
  66.1841    -15.55         0         0         0 0.0784591
  66.0894  -15.5549         0         0         0 0.0186406
  65.8735  -15.5627         0         0         0 0.0261769
  65.6268  -15.5727         0         0         0 0.0261769
  65.4051  -15.5816         0         0         0 0.0261769
  65.3204   -15.585         0         0         0 0.0261769
  65.1277  -15.5927         0         0         0 0.0261769
  65.0705   -15.595         0         0         0 0.0261769
   64.901  -15.6017         0         0         0 0.0261769
  64.8183   -15.605         0         0         0 0.0261769
  64.6346  -15.6127         0         0         0 0.0261769
   64.598   -15.614         0         0         0 0.0233245
   64.592   -15.614         0         0         0 0.0751371
  64.5293  -15.6237         0         0         0 0.0784591
  64.3693   -15.648         0         0         0 0.0784591
  64.2013  -15.6733         0         0         0 0.0784591
  64.0503   -15.697         0         0         0 0.0784591
  63.9572  -15.7113         0         0         0 0.0784591
  63.7664  -15.7401         0         0         0 0.0708902
  63.7102  -15.7482         0         0         0 0.0694506
  63.5569  -15.7667         0         0         0 0.0610485
  63.4601  -15.7783         0         0         0 0.0613657
  63.2092  -15.8135         0         0         0 0.0697565
  63.0194  -15.8401         0         0         0 0.0697565
   62.884  -15.8561         0         0         0 0.0469236
    62.1512     -15.883           0           0           0 -0.00872654
     62.094     -15.883           0           0           0 -0.00872654
61.8942 -15.883       0       0       0       0
61.7062 -15.883       0       0       0       0
 61.593 -15.883       0       0       0       0
     61.59    -15.883          0          0          0 -0.0120215
   61.3633   -15.8721          0          0          0 -0.0261769
   61.1822   -15.8624          0          0          0 -0.0348995
   61.0397   -15.8491          0          0          0 -0.0621675
  60.8779  -15.8205         0         0         0 -0.114347
  60.7034  -15.7609         0         0         0 -0.206362
  60.5887   -15.698         0         0         0 -0.288255
 60.3397 -15.4122        0        0        0 -0.52624
  60.2332  -15.1236         0         0         0 -0.580703
    60.31  -15.3539         0         0         0 -0.594823
    60.31   -15.356         0         0         0 -0.687903
    60.31   -15.357         0         0         0 -0.720827
    60.31   -15.357         0         0         0 -0.743145
    60.31   -15.358         0         0         0 -0.759626
    60.31   -15.358         0         0         0 -0.777146
  60.2914  -15.4717         0         0         0 -0.766044
  60.2657  -15.6189         0         0         0 -0.766044
  60.2604  -15.6494         0         0         0 -0.766044
   60.242  -15.7506         0         0         0 -0.766044
  60.2362  -15.7809         0         0         0 -0.766044
   60.232   -15.804         0         0         0 -0.766044
   60.232  -15.8054         0         0         0 -0.780676
   60.223   -15.849         0         0         0 -0.777146
  60.2069   -15.928         0         0         0 -0.777146
  60.1993  -15.9625         0         0         0 -0.777146
  60.1802  -16.0504         0         0         0 -0.777146
  60.1728  -16.0914         0         0         0 -0.777146
  60.1635  -16.1314         0         0         0 -0.777146
  60.1554  -16.1671         0         0         0 -0.777146
  60.1275  -16.2973         0         0         0 -0.777146
  60.1129  -16.3606         0         0         0 -0.777146
  60.0949  -16.4432         0         0         0 -0.777146
  60.0541  -16.6133         0         0         0 -0.797032
  60.0351  -16.6737         0         0         0 -0.803857
  60.0266  -16.7035         0         0         0 -0.803857
  60.0078  -16.7656         0         0         0 -0.803857
   60.001  -16.7881         0         0         0 -0.803857
  59.9937  -16.8168         0         0         0 -0.803857
  59.9787  -16.8675         0         0         0 -0.803857
   59.948  -16.9675         0         0         0 -0.803857
  59.9322  -17.0191         0         0         0 -0.803857
  59.8751  -17.2111         0         0         0 -0.803857
  59.8291  -17.3711         0         0         0 -0.798635
   59.795  -17.4927         0         0         0 -0.798635
   59.762   -17.615         0         0         0 -0.788011
  59.7588  -17.6286         0         0         0 -0.782608
  59.7243  -17.7738         0         0         0 -0.782608
  59.7128  -17.8211         0         0         0 -0.782608
  59.6947  -17.8989         0         0         0 -0.782608
  59.6554  -18.0768         0         0         0 -0.777146
  59.6266  -18.2117         0         0         0 -0.777146
  59.5946  -18.3593         0         0         0 -0.777146
  59.5343  -18.6378         0         0         0 -0.777146
   59.495  -18.8264         0         0         0 -0.777146
   59.447  -19.0472         0         0         0 -0.777146
  59.4293  -19.1298         0         0         0 -0.777146
  59.3925   -19.303         0         0         0 -0.771625
  59.3792  -19.3738         0         0         0 -0.766174
   59.356  -19.5395         0         0         0 -0.743145
  59.3471  -19.6238         0         0         0 -0.743145
  59.3293   -19.805         0         0         0 -0.739928
  59.3219  -19.8779         0         0         0 -0.743145
   59.303  -20.0689         0         0         0 -0.737277
  59.2969  -20.1289         0         0         0 -0.737277
  59.2469    -20.63         0         0         0 -0.737277
  59.2155  -20.9427         0         0         0 -0.737277
  59.2009  -21.1309         0         0         0 -0.731237
   59.195  -21.5493         0         0         0 -0.707107
   59.195  -21.6331         0         0         0 -0.707107
   59.195   -21.886         0         0         0 -0.700909
   59.195  -22.0063         0         0         0 -0.700909
   59.195   -22.012         0         0         0 -0.681998
  59.195  -22.014        0        0        0 -0.67559
  59.195  -22.014        0        0        0 -0.67559
   59.202  -22.1224         0         0         0 -0.681841
  59.2115  -22.2614         0         0         0 -0.681998
  59.2165  -22.3314         0         0         0 -0.681998
 59.2268 -22.4833        0        0        0 -0.67559
  59.2408  -22.6243         0         0         0 -0.669131
  59.2633  -22.8226         0         0         0 -0.669131
  59.2798   -22.976         0         0         0 -0.669131
  59.2957  -23.1251         0         0         0 -0.665524
  59.312  -23.276        0        0        0 -0.66262
  59.3307  -23.4161         0         0         0 -0.656059
  59.3527  -23.5658         0         0         0 -0.643344
  59.3705  -23.6465         0         0         0 -0.605315
  59.3922  -23.7089         0         0         0 -0.553901
  59.4321  -23.7922         0         0         0 -0.529919
  59.5422  -24.0215         0         0         0 -0.529919
  59.5781  -24.0975         0         0         0 -0.529919
  59.6502  -24.2475         0         0         0 -0.529919
  59.7961  -24.5486         0         0         0 -0.529919
  59.8601  -24.6816         0         0         0 -0.529919
  59.9421  -24.8501         0         0         0 -0.529919
  60.0824  -25.1307         0         0         0 -0.511654
  60.1799  -25.2913         0         0         0 -0.477159
  60.2902  -25.4588         0         0         0 -0.469686
  60.3666   -25.567         0         0         0 -0.449002
  60.4717  -25.6955         0         0         0 -0.399364
  60.6992  -25.9125         0         0         0 -0.366501
  60.8664  -26.0662         0         0         0 -0.366501
 60.9846 -26.1796        0        0        0 -0.38237
  61.0779  -26.2762         0         0         0 -0.398749
  61.1921  -26.3991         0         0         0 -0.398749
  61.3265  -26.5434         0         0         0 -0.398749
  61.4182  -26.6423         0         0         0 -0.398749
  61.5331  -26.7641         0         0         0 -0.398749
  61.6673  -26.9092         0         0         0 -0.398749
   61.759  -27.0073         0         0         0 -0.398749
  61.8722  -27.1292         0         0         0 -0.398749
  62.0666  -27.3379         0         0         0 -0.398749
  62.3865  -27.6806         0         0         0 -0.398749
  62.5198  -27.8227         0         0         0 -0.398749
  62.6127  -27.9231         0         0         0 -0.398749
  62.7255  -28.0456         0         0         0 -0.398749
  62.8596  -28.1885         0         0         0 -0.398749
  63.0305  -28.3714         0         0         0 -0.390731
  63.1284  -28.4722         0         0         0 -0.390731
  63.2446  -28.5917         0         0         0 -0.390731
  63.3738  -28.7238         0         0         0 -0.390731
  63.4901  -28.8441         0         0         0 -0.390731
  63.749 -29.1718        0        0        0     -0.5
 63.8209 -29.2957        0        0        0     -0.5
 63.8825 -29.4041        0        0        0     -0.5
 63.9229 -29.4744        0        0        0     -0.5
  63.9611  -29.5399         0         0         0 -0.492424
  64.0312  -29.6598         0         0         0 -0.492424
  64.0719  -29.7292         0         0         0 -0.492424
  64.1168   -29.804         0         0         0 -0.492424
  64.1756  -29.9055         0         0         0 -0.492424
  64.2385  -30.0129         0         0         0 -0.492424
  64.3163  -30.1426         0         0         0 -0.492424
  64.3924  -30.2686         0         0         0 -0.492424
  64.4529  -30.3699         0         0         0 -0.492424
  64.5129  -30.4705         0         0         0 -0.492424
  64.5719  -30.5695         0         0         0 -0.492424
  64.6521  -30.7091         0         0         0 -0.524073
  64.6793  -30.7682         0         0         0 -0.559708
  64.7011  -30.8378         0         0         0 -0.626232
    64.71  -30.9101         0         0         0 -0.698661
  64.7056   -30.974         0         0         0 -0.756261
  64.6741  -31.0792         0         0         0 -0.837593
  64.5898  -31.2042         0        -0        -0 -0.919554
  64.5756  -31.2184         0        -0        -0 -0.938622
   64.574    -31.22         0        -0        -0 -0.961465
   64.572    -31.22         0        -0        -0 -0.973978
   64.572    -31.22         0        -0        -0 -0.978615
 64.4944  -31.258        0       -0       -0 -0.97437
    64.49   -31.258         0        -0        -0 -0.982028
   64.489   -31.258         0        -0        -0 -0.986715
   64.489   -31.258         0        -0        -0 -0.987688
  64.4365  -31.2745         0        -0        -0 -0.987688
  64.4018  -31.2858         0        -0        -0 -0.987688
   64.398   -31.287         0        -0        -0 -0.990268
  64.0206  -31.3618         0        -0        -0 -0.995396
  63.9467  -31.3767         0        -0        -0 -0.995396
  63.7815  -31.4097         0        -0        -0 -0.993894
  63.1448  -31.6064         0        -0        -0 -0.987654
  63.0667  -31.6327         0        -0        -0 -0.986286
 62.8344   -31.72        0       -0       -0 -0.98218
  62.6546  -31.7912         0        -0        -0 -0.981627
  62.5041  -31.8514         0        -0        -0 -0.981627
  62.2158  -31.9685         0        -0        -0 -0.981582
  62.0453  -32.0445         0        -0        -0 -0.973382
  61.9166  -32.1171         0        -0        -0 -0.960261
 61.7759 -32.2087        0       -0       -0 -0.95882
 61.6361 -32.3014        0       -0       -0 -0.95882
 61.3571 -32.4859        0       -0       -0 -0.95882
  61.1483  -32.6238         0        -0        -0 -0.958658
 60.9391  -32.762        0       -0       -0 -0.95882
 60.8003 -32.8539        0       -0       -0 -0.95882
  60.5181  -33.0339         0        -0        -0 -0.961262
  60.2389  -33.2134         0        -0        -0 -0.961262
  60.0693  -33.3213         0        -0        -0 -0.961262
  59.8833   -33.439         0        -0        -0 -0.961262
 59.7043 -33.5524        0       -0       -0 -0.95882
 59.6921 -33.5597        0       -0       -0 -0.95882
  59.4899  -33.6879         0        -0        -0 -0.961262
  59.3994  -33.7453         0        -0        -0 -0.961262
   59.361  -33.7692         0        -0        -0 -0.961262
   59.298  -33.8108         0        -0        -0 -0.950459
  59.2687  -33.8343         0        -0        -0 -0.930592
  59.2347  -33.8698         0        -0        -0 -0.920505
  59.1429  -33.9659         0        -0        -0 -0.920505
  58.9291  -34.1872         0        -0        -0 -0.920505
   58.803  -34.3187         0        -0        -0 -0.920505
  58.6067  -34.5212         0        -0        -0 -0.920505
  58.8432  -34.2776         0        -0        -0 -0.920505
  58.8756  -34.2443         0        -0        -0 -0.920505
  58.9366  -34.1814         0        -0        -0 -0.920505
  59.2512  -33.8554         0        -0        -0 -0.920505
  59.3105  -33.7953         0        -0        -0 -0.920505
  59.4857  -33.6147         0        -0        -0 -0.920505
  59.6334  -33.4601         0        -0        -0 -0.920505
  59.8013  -33.2851         0        -0        -0 -0.920505
  59.9438  -33.1366         0        -0        -0 -0.920505
  60.0724  -33.0033         0        -0        -0 -0.920505
 60.1929 -32.8859        0       -0       -0 -0.93423
   60.317  -32.7887         0        -0        -0 -0.948324
  60.4803  -32.6645         0        -0        -0 -0.948324
  60.6373  -32.5449         0        -0        -0 -0.951057
  60.8303  -32.4187         0        -0        -0 -0.968526
  61.0179  -32.3188         0        -0        -0 -0.970296
  61.2505  -32.1947         0        -0        -0 -0.970296
  61.5334  -32.0419         0        -0        -0 -0.970296
  61.6925  -31.9579         0        -0        -0 -0.970296
  61.7544  -31.9249         0        -0        -0 -0.970296
  62.1577  -31.7076         0        -0        -0 -0.970296
  62.1974  -31.6859         0        -0        -0 -0.970296
  62.4764   -31.536         0        -0        -0 -0.970296
  62.6376  -31.4498         0        -0        -0 -0.970296
  62.7961  -31.3649         0        -0        -0 -0.970296
  62.9173  -31.3015         0        -0        -0 -0.972969
 63.0772 -31.2239        0       -0       -0 -0.97437
 63.1712 -31.1774        0       -0       -0 -0.97437
  63.381 -31.0745        0       -0       -0 -0.97437
 63.5162 -31.0085        0       -0       -0 -0.97437
 63.6374 -30.9498        0       -0       -0 -0.97437
 63.8624 -30.8398        0       -0       -0 -0.97437
 64.0139 -30.7655        0       -0       -0 -0.97437
  64.2275  -30.6574         0        -0        -0 -0.970296
   64.238   -30.652         0        -0        -0 -0.970296
    64.24   -30.652         0        -0        -0 -0.970296
   64.242   -30.652         0        -0        -0 -0.899092
   64.242   -30.652         0        -0        -0 -0.878364
   64.242   -30.652         0         0         0 -0.856495
   64.242   -30.652         0         0         0 -0.812948
   64.242   -30.652         0         0         0 -0.793353
  64.3089  -30.4045         0         0         0 -0.793353
   64.326   -30.337         0         0         0 -0.689428
   64.326   -30.337         0         0         0 -0.608171
   64.326   -30.336         0         0         0 -0.527909
   64.326   -30.336         0         0         0 -0.447953
   64.326   -30.336         0         0         0 -0.396479
   64.326   -30.336         0         0         0 -0.366501
   64.327   -30.337         0         0         0 -0.374607
   64.327   -30.337         0         0         0 -0.374607
   64.327   -30.337         0         0         0 -0.374607
   64.327   -30.337         0         0         0 -0.374607
   64.327   -30.337         0         0         0 -0.374607
   64.327   -30.337         0         0         0 -0.374607
   64.327   -30.337         0         0         0 -0.374607
   64.327   -30.337         0         0         0 -0.374607
   64.327   -30.337         0         0         0 -0.374607
   64.327   -30.337         0         0         0 -0.374607
   64.327   -30.337         0         0         0 -0.374607
   64.327   -30.337         0         0         0 -0.374607
   64.327   -30.337         0         0         0 -0.374607
   64.327   -30.337         0         0         0 -0.374607
   64.327   -30.337         0         0         0 -0.374607
   64.327   -30.337         0         0         0 -0.374607
   64.327   -30.337         0         0         0 -0.374607
   64.327   -30.337         0         0         0 -0.374607
   64.327   -30.337         0         0         0 -0.374607
   64.327   -30.337         0         0         0 -0.374607
   64.327   -30.337         0         0         0 -0.374607
   64.327   -30.337         0         0         0 -0.374607
   64.327   -30.337         0         0         0 -0.374607
   64.327   -30.337         0         0         0 -0.374607
   64.327   -30.337         0         0         0 -0.374607
   64.327   -30.337         0         0         0 -0.374607
   64.327   -30.337         0         0         0 -0.374607
  64.3819  -30.3878         0         0         0 -0.374607
  64.4502  -30.4525         0         0         0 -0.374607
  64.5584  -30.5558         0         0         0 -0.374607
  64.6769  -30.6688         0         0         0 -0.374607
  64.8053  -30.7919         0         0         0 -0.374607
  64.9051  -30.8873         0         0         0 -0.374607
  65.0382  -31.0141         0         0         0 -0.374607
  65.2069  -31.1761         0         0         0 -0.374607
  65.3272  -31.2921         0         0         0 -0.374607
  65.3876  -31.3501         0         0         0 -0.374607
  65.5676  -31.5238         0         0         0 -0.374607
  65.6899  -31.6417         0         0         0 -0.374607
  65.7489  -31.6991         0         0         0 -0.374607
  65.8875  -31.8329         0         0         0 -0.374607
  66.1849    -32.12         0         0         0 -0.374607
  66.2913  -32.2226         0         0         0 -0.374607
  66.4107  -32.3376         0         0         0 -0.374607
  66.4714  -32.3957         0         0         0 -0.374607
  66.6086   -32.527         0         0         0 -0.374607
  67.0673  -32.9686         0         0         0 -0.371691
  67.1344  -33.0308         0         0         0 -0.364882
  67.1974   -33.087         0         0         0 -0.343983
  67.3441  -33.1993         0         0         0 -0.285622
  67.4804   -33.274         0         0         0 -0.211771
  67.5862  -33.3122         0         0         0 -0.118528
    67.603    -33.315          0          0          0 -0.0247275
   67.603   -33.315         0         0         0 0.0241359
 67.603 -33.315       0       0       0 0.13315
 67.6036  -33.315        0        0        0 0.173648
  67.827  -33.237        0        0        0 0.198722
  67.827  -33.237        0        0        0 0.254522
 67.8379 -33.2293        0        0        0 0.290324
  68.038 -33.0977        0        0        0 0.284015
 68.2848 -32.9361        0        0        0 0.284015
 68.3938 -32.8664        0        0        0 0.276252
 68.4967 -32.8031        0        0        0 0.267238
 68.5516 -32.7703        0        0        0 0.267238
  68.617   -32.73        0        0        0 0.267238
 68.7633 -32.6408        0        0        0 0.267238
 68.8796 -32.5706        0        0        0 0.267238
 69.0277 -32.4808        0        0        0 0.267238
 69.3092 -32.3094        0        0        0 0.267238
 69.4587 -32.2188        0        0        0 0.267238
 69.7511 -32.0437        0        0        0 0.267238
  69.912 -31.9453        0        0        0 0.267238
 70.0485 -31.8602        0        0        0 0.281785
 70.1024 -31.8257        0        0        0 0.284015
 70.3655 -31.6569        0        0        0 0.275637
 70.5255 -31.5547        0        0        0 0.275637
 70.6402 -31.4823        0        0        0 0.275637
 70.8309 -31.3624        0        0        0 0.284015
 70.9812 -31.2627        0        0        0 0.317305
  71.158 -31.1292        0        0        0 0.317305
   71.17   -31.12        0        0        0 0.236681
71.0976 -31.152       0       0       0 0.21644
 71.0927 -31.1533        0        0        0 0.267238
 70.8961 -31.2697        0        0        0 0.259439
  70.787 -31.3339        0        0        0 0.267238
  70.637  -31.422        0        0        0 0.258819
 70.4804 -31.5148        0        0        0 0.267238
 70.3528   -31.59        0        0        0 0.258819
  70.326  -31.605        0        0        0 0.325423
 70.2702 -31.6546        0        0        0 0.358368
 69.9024 -31.9787        0        0        0 0.350207
 69.7648 -32.0991        0        0        0 0.350207
 69.6122 -32.2351        0        0        0 0.350207
 69.5768 -32.2661        0        0        0 0.350207
 69.4532  -32.375        0        0        0 0.350207
 69.3201 -32.4915        0        0        0 0.350207
 69.2646 -32.5406        0        0        0 0.350207
 69.2007 -32.5961        0        0        0 0.350207
 68.9221 -32.8409        0        0        0 0.350207
 68.7085  -33.029        0        0        0 0.350207
 68.4676 -33.2404        0        0        0 0.350207
 68.1737  -33.499        0        0        0 0.350207
  68.112  -33.553        0        0        0 0.349584
   68.11  -33.554        0        0        0 0.324672
   68.11  -33.554        0        0        0 0.291072
   68.11  -33.554        0        0        0 0.232207
   68.11  -33.554        0        0        0 0.128319
     68.11    -33.554          0          0          0 0.00739599
     68.11    -33.554          0          0          0 -0.0673055
    68.11   -33.554         0         0         0 -0.167407
    68.11   -33.554         0         0         0 -0.262744
    68.11   -33.554         0         0         0 -0.423215
 68.1912  -33.683        0        0        0 -0.48481
   68.35   -33.93        0        0        0 -0.48481
 68.4309 -34.0568        0        0        0 -0.48481
 68.4611 -34.1042        0        0        0 -0.48573
  68.6043  -34.3756         0         0         0 -0.557085
  68.6528  -34.5183         0         0         0 -0.587785
  68.7238  -34.7383         0         0         0 -0.587785
  68.7704  -34.8869         0         0         0 -0.587785
  68.8158  -35.0322         0         0         0 -0.587785
  68.8549  -35.1604         0         0         0 -0.587785
  68.9124  -35.3436         0         0         0 -0.594823
  69.0034  -35.6586         0         0         0 -0.627196
   69.011  -35.6972         0         0         0 -0.672308
   69.011   -35.701         0         0         0 -0.769475
   69.011   -35.701         0         0         0 -0.822751
  68.9975  -35.7245         0        -0        -0 -0.869694
  68.9385  -35.8221         0        -0        -0 -0.870356
  68.9251  -35.8448         0        -0        -0 -0.870356
  68.8529  -35.9606         0        -0        -0 -0.887011
  68.7405  -36.1219         0        -0        -0 -0.887011
  68.5712  -36.3534         0        -0        -0 -0.894934
  68.5133  -36.4304         0        -0        -0 -0.894934
  68.4208  -36.5497         0        -0        -0 -0.898794
  68.3693  -36.6125         0        -0        -0 -0.914427
  68.3659  -36.6161         0        -0        -0 -0.934235
   68.365   -36.617         0        -0        -0 -0.948324
  68.2028  -36.7383         0        -0        -0 -0.948324
  68.0353  -36.8616         0        -0        -0 -0.951057
  67.8282  -37.0133         0        -0        -0 -0.951057
   67.559  -37.2091         0        -0        -0 -0.951057
  67.1621  -37.5111         0        -0        -0 -0.939778
  66.8826  -37.7361         0        -0        -0 -0.945519
  66.4735  -38.0514         0        -0        -0 -0.945519
  66.1954  -38.2655         0        -0        -0 -0.945519
  66.5023  -38.0303         0        -0        -0 -0.948324
  66.7389  -37.8491         0        -0        -0 -0.948324
  67.1871  -37.5054         0        -0        -0 -0.948324
  67.4723  -37.2882         0        -0        -0 -0.948324
  67.6974  -37.1155         0        -0        -0 -0.948324
  67.8724  -36.9822         0        -0        -0 -0.948324
  68.0057  -36.8805         0        -0        -0 -0.948324
  68.0733  -36.8293         0        -0        -0 -0.948324
  68.4687  -36.5301         0        -0        -0 -0.948324
   68.569   -36.454         0        -0        -0 -0.893858
   68.521   -36.526         0        -0        -0 -0.878817
  68.8183  -36.0648         0         0         0 -0.864768
  68.8696   -35.964         0         0         0 -0.826299
  68.871  -35.961        0        0        0 -0.81211
   68.871    -35.96         0         0         0 -0.793353
   68.871    -35.96         0         0         0 -0.728436
   68.871    -35.96         0         0         0 -0.448237
   68.871    -35.96         0         0         0 -0.370515
  68.9294  -36.0149         0         0         0 -0.374607
  69.0188  -36.0987         0         0         0 -0.374607
   69.042    -36.12         0         0         0 -0.353976
   69.042    -36.12         0         0         0 -0.317305
  69.1871  -36.2333         0         0         0 -0.325568
   69.294  -36.3175         0         0         0 -0.325568
  69.3796  -36.3834         0         0         0 -0.325568
  69.4749  -36.4583         0         0         0 -0.325568
  69.6229  -36.5738         0         0         0 -0.325568
  69.7539   -36.676         0         0         0 -0.325568
  69.8714  -36.7669         0         0         0 -0.325568
  70.2171  -37.0351         0         0         0 -0.325568
  70.3515  -37.1392         0         0         0 -0.325568
  70.5558  -37.3003         0         0         0 -0.325568
  70.6833   -37.401         0         0         0 -0.333064
  70.8395  -37.5337         0         0         0 -0.365885
  70.9478  -37.6428         0         0         0 -0.390731
  70.9677  -37.6667         0         0         0 -0.422618
   71.134  -37.8606         0         0         0 -0.422618
   71.165   -37.897         0         0         0 -0.422618
   71.165   -37.897         0         0         0 -0.422618
   71.165   -37.897         0         0         0 -0.422618
   71.165   -37.897         0         0         0 -0.422618
   71.165   -37.897         0         0         0 -0.422618
   71.165   -37.897         0         0         0 -0.422618
   71.165   -37.897         0         0         0 -0.422618
   71.165   -37.897         0         0         0 -0.422618
   71.165   -37.897         0         0         0 -0.422618
   71.165   -37.897         0         0         0 -0.422618
   71.165   -37.897         0         0         0 -0.422618
   71.165   -37.897         0         0         0 -0.422618
   71.165   -37.897         0         0         0 -0.422618
   71.165   -37.897         0         0         0 -0.422618
   71.165   -37.897         0         0         0 -0.422618
   71.165   -37.897         0         0         0 -0.422618
   71.167   -37.901         0         0         0 -0.422618
  71.2382  -37.9845         0         0         0 -0.422618
  71.2895  -38.0459         0         0         0 -0.422618
   71.367   -38.137         0         0         0 -0.422618
   71.372   -38.144         0         0         0 -0.422618
  71.3967  -38.1747         0         0         0 -0.422618
  71.4816  -38.2754         0         0         0 -0.422618
  71.5945  -38.4107         0         0         0 -0.422753
  71.7111  -38.5541         0         0         0 -0.430511
  71.7981  -38.6618         0         0         0 -0.430511
  71.9116  -38.8047         0         0         0 -0.446341
  72.0185  -38.9552         0         0         0 -0.469472
  72.0545  -39.0097         0         0         0 -0.469472
  72.1925  -39.2177         0         0         0 -0.477159
  72.2852  -39.3578         0         0         0 -0.477159
  72.3305  -39.4299         0         0         0 -0.484962
 72.4584 -39.6478        0        0        0     -0.5
  72.5855  -39.8628         0         0         0 -0.492424
  72.6818   -40.019         0         0         0 -0.492424
   72.775  -40.1706         0         0         0 -0.492424
  72.8069   -40.223         0         0         0 -0.492424
  72.8505  -40.2945         0         0         0 -0.492869
  72.9388  -40.4529         0         0         0 -0.519836
   73.008  -40.5921         0         0         0 -0.529919
  73.0795  -40.7379         0         0         0 -0.529919
  73.1699  -40.9198         0         0         0 -0.529919
  73.1914  -40.9628         0         0         0 -0.529919
   73.276  -41.1339         0         0         0 -0.529919
  73.3024  -41.1888         0         0         0 -0.529919
   73.387  -41.3606         0         0         0 -0.529919
  73.4514  -41.4925         0         0         0 -0.529919
  73.5252  -41.6425         0         0         0 -0.529919
  73.6022  -41.7995         0         0         0 -0.529919
  73.6636  -41.9235         0         0         0 -0.529919
  73.7462  -42.0916         0         0         0 -0.529919
  73.8244  -42.2498         0         0         0 -0.529919
  73.8953  -42.3907         0         0         0 -0.516648
  73.9767  -42.5342         0         0         0 -0.490837
  74.0756  -42.6753         0         0         0 -0.446198
  74.1505  -42.7733         0         0         0 -0.446198
   74.165   -42.792         0         0         0 -0.408451
    74.165    -42.792          0          0          0 -0.0148403
  74.165  -42.792        0        0        0 0.105184
  74.165  -42.792        0        0        0 0.133175
  74.166  -42.792        0        0        0 0.284015
  74.168  -42.792        0        0        0 0.139488
   74.168   -42.792         0         0         0 0.0651856
   74.1672    -42.792          0          0          0 -0.0303925
  74.1682   -42.792         0         0         0 -0.128427
    74.17   -42.792         0         0         0 -0.222021
  74.171  -42.793        0        0        0 -0.32237
   74.171   -42.793         0         0         0 -0.489412
   74.171   -42.793         0         0         0 -0.522499
  74.2167  -42.8815         0         0         0 -0.515038
  74.2396  -42.9264         0         0         0 -0.515038
  74.2897  -43.0234         0         0         0 -0.522499
  74.3286  -43.0991         0         0         0 -0.515038
   74.332  -43.1069         0         0         0 -0.522499
   74.333   -43.109         0         0         0 -0.569356
   74.333   -43.109         0         0         0 -0.641031
  74.333   -43.11        0        0        0 -0.75471
  74.3056  -43.3018         0         0         0 -0.748956
   74.305  -43.3103         0         0         0 -0.762315
   74.305   -43.311         0         0         0 -0.829038
   74.305    -43.31         0         0         0 -0.693957
   74.305   -43.311         0         0         0 -0.608867
   74.305   -43.311         0         0         0 -0.499717
   74.305   -43.311         0         0         0 -0.430597
  74.3408   -43.346         0         0         0 -0.382683
  74.4209  -43.4249         0         0         0 -0.382683
   74.451   -43.455         0         0         0 -0.382683
  74.5472  -43.5512         0         0         0 -0.382683
  74.6294  -43.6334         0         0         0 -0.382683
  74.7202  -43.7242         0         0         0 -0.382683
  74.8933  -43.9061         0         0         0 -0.418274
  74.9779  -44.0185         0         0         0 -0.477848
  75.0487  -44.1553         0         0         0 -0.559681
  75.0897  -44.2806         0         0         0 -0.594823
  75.1317  -44.4213         0         0         0 -0.594823
  75.1777  -44.5779         0         0         0 -0.601815
  75.2157  -44.7059         0         0         0 -0.601815
  75.3677   -45.233         0         0         0 -0.601815
  75.4085  -45.3739         0         0         0 -0.599066
  75.4646    -45.55         0         0         0 -0.572922
  75.5373  -45.7204         0         0         0 -0.530825
  75.6043  -45.8494         0         0         0 -0.509307
  75.6882  -45.9998         0         0         0 -0.507538
  75.7844   -46.181         0         0         0 -0.530729
  75.8393  -46.3022         0         0         0 -0.550235
   75.915  -46.4785         0         0         0 -0.544639
  75.9749  -46.6157         0         0         0 -0.544639
  76.0383  -46.7603         0         0         0 -0.544639
  76.1108  -46.9146         0         0         0 -0.528038
  76.2013  -47.0764         0         0         0 -0.473528
  76.2883  -47.1913         0         0         0 -0.417735
  76.4049  -47.3129         0         0         0 -0.382683
  76.6407  -47.5627         0         0         0 -0.421104
  76.7537  -47.7149         0         0         0 -0.485488
  76.8108  -47.8218         0         0         0 -0.545536
  76.8467   -47.918         0         0         0 -0.597509
  76.8821  -48.1044         0         0         0 -0.682562
   76.884  -48.1583         0         0         0 -0.704052
  76.8726  -48.3078         0         0         0 -0.765008
   76.826  -48.4721         0         0         0 -0.826257
  76.7499  -48.6353         0         0         0 -0.848048
  76.6638  -48.8114         0         0         0 -0.848048
  76.6372  -48.8649         0         0         0 -0.848048
  76.5751  -48.9898         0         0         0 -0.848048
  76.4912  -49.1615         0         0         0 -0.848048
  76.3863  -49.3729         0         0         0 -0.848048
   76.317  -49.5252         0         0         0 -0.834601
  76.2268  -49.8263         0         0         0 -0.753985
  76.2208  -49.8955         0         0         0 -0.721553
  76.2277  -50.0548         0         0         0 -0.678593
 76.2491  -50.314        0        0        0 -0.67559
 76.2664 -50.4805        0        0        0 -0.66332
  76.3146  -50.7231         0         0         0 -0.603288
  76.3406  -50.7995         0         0         0 -0.569283
  76.4106  -50.9436         0         0         0 -0.494848
  76.5578  -51.1497         0         0         0 -0.446198
  76.6968  -51.3318         0         0         0 -0.446198
  76.8488  -51.5318         0         0         0 -0.446198
  77.2124  -52.0068         0         0         0 -0.446198
 77.3199 -52.1447        0        0        0  -0.4316
  77.5041  -52.3478         0         0         0 -0.341583
 77.5109  -52.352        0        0        0 -0.24409
    77.511    -52.352          0          0          0 -0.0545685
   77.512   -52.352         0         0         0 0.0261769
  77.7057  -52.3428         0         0         0 0.0266639
  77.9642  -52.3159         0         0         0 0.0610485
  78.1006  -52.2966         0         0         0 0.0615121
  78.2773  -52.2717         0         0         0 0.0751315
 78.4419 -52.2412        0        0        0  0.11282
 78.8961 -52.0316        0        0        0 0.284015
  79.022   -51.95        0        0        0 0.284015
 79.1805 -51.8478        0        0        0 0.284015
 79.3162 -51.7595        0        0        0 0.284015
 79.4434 -51.6774        0        0        0 0.284015
 79.5287 -51.6225        0        0        0 0.284015
 79.6949 -51.5147        0        0        0 0.284015
 79.8082 -51.4419        0        0        0 0.284015
 79.9503 -51.3502        0        0        0 0.284015
 80.0732 -51.2711        0        0        0 0.284015
 80.2195 -51.1768        0        0        0 0.284015
 80.3713 -51.0791        0        0        0 0.284015
 80.4934 -50.9996        0        0        0 0.284015
 80.5814 -50.9431        0        0        0 0.284015
  80.703 -50.8649        0        0        0 0.284015
 81.1593  -50.609        0        0        0 0.241922
 81.4847 -50.4434        0        0        0 0.210934
 81.6025 -50.3946        0        0        0 0.178617
  81.7762  -50.3445         0         0         0 0.0935787
    81.9395    -50.3291           0           0           0 -0.00192654
   82.0853   -50.3422          0          0          0 -0.0827052
  82.5737  -50.4727         0         0         0 -0.166815
   82.742  -50.5464         0         0         0 -0.244175
  82.8821  -50.6396         0         0         0 -0.336637
    82.99  -50.7432         0         0         0 -0.390731
  83.1155  -50.8758         0         0         0 -0.390731
  83.2331  -51.0003         0         0         0 -0.398749
  83.3598  -51.1389         0         0         0 -0.413205
 83.4557 -51.2559        0        0        0 -0.44462
  83.5467  -51.3942         0         0         0 -0.502678
  83.6047  -51.5136         0         0         0 -0.543139
  83.6512  -51.6225         0         0         0 -0.552793
  83.7207  -51.7928         0         0         0 -0.559193
  83.7789  -51.9316         0         0         0 -0.546131
  83.8461  -52.0861         0         0         0 -0.544639
  83.8983  -52.2035         0         0         0 -0.546347
  83.9462  -52.3133         0         0         0 -0.544639
  84.1462  -52.7732         0         0         0 -0.544639
  84.2121  -52.9255         0         0         0 -0.551937
  84.2452  -53.0024         0         0         0 -0.544639
  84.6846  -53.9006         0         0         0 -0.515038
  84.7702  -54.0579         0         0         0 -0.507538
  84.8468  -54.1983         0         0         0 -0.507538
  84.9328  -54.3558         0         0         0 -0.515038
  85.1837  -54.8178         0         0         0 -0.507538
   85.347  -55.0821         0         0         0 -0.477159
  85.4323  -55.2132         0         0         0 -0.477159
  85.5182  -55.3459         0         0         0 -0.477159
  85.8678  -55.8803         0         0         0 -0.477159
  86.1083   -56.246         0         0         0 -0.477159
  86.0724  -56.1885         0         0         0 -0.477159
