     0.882     -0.019          0          0          0 -0.0261769
  0.895327 -0.0192959          0          0          0 -0.0261769
  0.936325 -0.0209767          0          0          0 -0.0261769
   1.09015 -0.0285941          0          0          0 -0.0261769
   1.25955 -0.0369733          0          0          0 -0.0261769
   1.42684 -0.0449303          0          0          0 -0.0261769
   1.59552 -0.0526743          0          0          0 -0.0261769
   1.84389 -0.0646761          0          0          0 -0.0261769
   1.92493 -0.0689373          0          0          0 -0.0261769
   2.09245 -0.0766714          0          0          0 -0.0261769
   2.17784 -0.0800483          0          0          0 -0.0261769
   2.26131 -0.0843189          0          0          0 -0.0261769
   2.42799  -0.092038          0          0          0 -0.0261769
   2.51133 -0.0959797          0          0          0 -0.0261769
   2.59468 -0.0996799          0          0          0 -0.0261769
   2.67995  -0.104037          0          0          0 -0.0261769
   2.84697  -0.111679          0          0          0 -0.0261769
     3.183  -0.127041          0          0          0 -0.0261769
   3.51626  -0.142398          0          0          0 -0.0261769
   3.60303  -0.146761          0          0          0 -0.0261769
   3.76634  -0.154102          0          0          0 -0.0261769
   3.93392  -0.162038          0          0          0 -0.0261769
   4.01725   -0.16541          0          0          0 -0.0261769
   4.18807  -0.173123          0          0          0 -0.0261769
   4.35592  -0.179766          0          0          0 -0.0261769
   4.44008  -0.183123          0          0          0 -0.0261769
   4.52168  -0.186416          0          0          0 -0.0261769
   4.68746    -0.1932          0          0          0 -0.0261769
   4.77394  -0.197488          0          0          0 -0.0261769
   4.93922  -0.204131          0          0          0 -0.0261769
   5.10519  -0.211767          0          0          0 -0.0261769
   5.27372  -0.221234          0          0          0 -0.0326714
    5.4402  -0.237448          0          0          0 -0.0621644
   5.52417  -0.249947          0          0          0 -0.0849242
   5.68727  -0.278601          0          0          0 -0.0871557
   5.77026  -0.293707          0          0          0 -0.0871557
   5.93519  -0.323954          0          0          0 -0.0871557
   6.01555  -0.338713          0          0          0 -0.0871557
   6.18313  -0.368963          0          0          0 -0.0871557
   6.34631  -0.398835          0          0          0 -0.0871557
    6.4301  -0.413849          0          0          0 -0.0871557
   6.67424  -0.456963          0          0          0 -0.0871557
   6.75731  -0.472075          0          0          0 -0.0871557
   7.00532  -0.517078          0          0          0 -0.0871557
   7.16998  -0.546848          0          0          0 -0.0871557
   7.41709  -0.590955          0          0          0 -0.0871557
   7.49938  -0.606089          0          0          0 -0.0871557
   7.66328   -0.63597          0          0          0 -0.0871557
   7.82797  -0.665219          0          0          0 -0.0871557
   7.91055  -0.680333          0          0          0 -0.0871557
   8.07282  -0.709203          0          0          0 -0.0871557
   8.15622  -0.724178          0          0          0 -0.0871557
    8.2366  -0.738091          0          0          0 -0.0871557
   8.40147  -0.767344          0          0          0 -0.0871557
   8.48548  -0.782466          0          0          0 -0.0871557
   8.64934  -0.812348          0          0          0 -0.0871557
   8.73245  -0.827461          0          0          0 -0.0871557
   8.89654  -0.857357          0          0          0 -0.0871557
   8.98048  -0.872466          0          0          0 -0.0871557
   9.14247  -0.902345          0          0          0 -0.0871557
   9.22565  -0.917466          0          0          0 -0.0871557
   9.39035   -0.94735          0          0          0 -0.0871557
   9.55505  -0.976601          0          0          0 -0.0871557
   9.63659  -0.991726          0          0          0 -0.0871557
   9.71774   -1.00648          0          0          0 -0.0871557
   9.96476   -1.05149          0          0          0 -0.0871557
   10.3774   -1.12673          0          0          0 -0.0871557
  10.8691  -1.23309         0         0         0 -0.152812
 11.1649 -1.38419        0        0        0 -0.32242
  11.3391  -1.56501         0         0         0 -0.458848
  11.4519  -1.78816         0         0         0 -0.584272
  11.4894  -1.95167         0         0         0 -0.660658
  11.4957  -2.03374         0         0         0 -0.697786
   11.497  -2.20322         0         0         0 -0.707107
   11.497   -2.2867         0         0         0 -0.707107
   11.497  -2.45266         0         0         0 -0.707107
   11.497  -2.53765         0         0         0 -0.707107
  11.4953  -2.70451         0         0         0 -0.722182
  11.4893  -2.78864         0         0         0 -0.736773
  11.4649  -2.95454         0         0         0 -0.771625
  11.4488  -3.03779         0         0         0 -0.771625
  11.4156  -3.20113         0         0         0 -0.777146
  11.3652  -3.44823         0         0         0 -0.777146
  11.3479  -3.52977         0         0         0 -0.777146
  11.2388  -3.93469         0         0         0 -0.828196
  10.9838  -4.45739         0         0         0 -0.848048
 10.7599 -4.90625        0        0        0 -0.85264
  10.5765   -5.3622         0         0         0 -0.783054
   10.558  -5.56895         0         0         0 -0.682028
  10.5981  -5.75923         0         0         0 -0.568446
  10.6594  -5.88655         0         0         0 -0.485096
   10.705  -5.95497         0         0         0 -0.469472
  10.8073   -6.1005         0         0         0 -0.461749
  10.9243   -6.2606         0         0         0 -0.427985
  10.8586  -6.18664         0         0         0 -0.409298
   10.821    -6.144         0         0         0 -0.308456
  10.8214    -6.144         0         0         0 -0.213458
  10.9268  -6.18352         0         0         0 -0.173648
 10.8356  -6.1545        0        0        0 -0.27018
 11.0258 -6.25021        0        0        0 -0.21644
 11.1928 -6.32876        0        0        0 -0.21644
 11.3347 -6.39639        0        0        0 -0.21644
 11.4843 -6.46614        0        0        0 -0.21644
 11.6359 -6.53677        0        0        0 -0.21644
 11.7883 -6.60846        0        0        0 -0.21644
 11.8643 -6.64403        0        0        0 -0.21644
 12.0919 -6.75076        0        0        0 -0.21644
 12.1682 -6.78598        0        0        0 -0.21644
 12.2427 -6.82089        0        0        0 -0.21644
 12.3179 -6.85676        0        0        0 -0.21644
 12.3944 -6.89291        0        0        0 -0.22337
  12.5448   -6.9671         0         0         0 -0.243016
 12.6188 -7.00823        0        0        0 -0.26403
  12.7591  -7.10106         0         0         0 -0.320555
   12.823  -7.15472         0         0         0 -0.361864
  12.9451  -7.26865         0         0         0 -0.366501
 13.0057  -7.3251        0        0        0 -0.37316
  13.1273    -7.439         0         0         0 -0.374607
  13.1872  -7.49562         0         0         0 -0.374607
  13.3082  -7.61117         0         0         0 -0.375992
   13.368  -7.67021         0         0         0 -0.382683
  13.4882  -7.78907         0         0         0 -0.382683
  13.5464   -7.8456         0         0         0 -0.382683
  13.6653  -7.96416         0         0         0 -0.382683
  13.7258  -8.02295         0         0         0 -0.382683
  13.8441  -8.14105         0         0         0 -0.382683
  13.9037  -8.19987         0         0         0 -0.382683
  14.0221  -8.31941         0         0         0 -0.392122
  14.0791  -8.38146         0         0         0 -0.405542
  14.1897  -8.50521         0         0         0 -0.406737
  14.2451  -8.56653         0         0         0 -0.406737
  14.3559  -8.69164         0         0         0 -0.406737
   14.413  -8.75455         0         0         0 -0.406737
  14.5258  -8.88066         0         0         0 -0.406737
  14.6931  -9.06777         0         0         0 -0.406737
  14.7481  -9.12935         0         0         0 -0.406737
  14.8603  -9.25511         0         0         0 -0.406737
  14.9165  -9.31811         0         0         0 -0.406737
  15.0261    -9.441         0         0         0 -0.406737
  15.1931  -9.62794         0         0         0 -0.406737
  15.3045  -9.75325         0         0         0 -0.406737
  15.5254  -10.0005         0         0         0 -0.406737
  15.8072  -10.3128         0         0         0 -0.394126
  16.0598   -10.528         0         0         0 -0.285912
  16.2829  -10.6489         0         0         0 -0.233445
  16.7348  -10.8666         0         0         0 -0.194967
  16.9719  -10.9413         0         0         0 -0.097817
   17.2219   -10.9718          0          0          0 -0.0326558
    17.3059    -10.9749           0           0           0 -0.00980702
  17.555 -10.9506        0        0        0 0.111637
 17.7173 -10.9035        0        0        0 0.147809
 17.9428 -10.8349        0        0        0 0.139173
 18.1161 -10.7882        0        0        0 0.130526
 18.2754 -10.7451        0        0        0 0.130526
  18.357 -10.7233        0        0        0 0.130526
 18.5167 -10.6801        0        0        0 0.130526
 18.7574 -10.6151        0        0        0 0.130526
  19.081 -10.5312        0        0        0 0.121869
 19.3231 -10.4702        0        0        0 0.121869
 19.4875 -10.4289        0        0        0 0.121869
  19.568 -10.4088        0        0        0 0.113203
  19.7336  -10.3719         0         0         0 0.0928475
  19.8171  -10.3568         0         0         0 0.0784591
  19.9799  -10.3312         0         0         0 0.0784591
  20.2266  -10.2932         0         0         0 0.0784591
  20.4742  -10.2552         0         0         0 0.0784591
  20.6405  -10.2304         0         0         0 0.0784591
  20.7247  -10.2169         0         0         0 0.0784591
  21.0206  -10.1705         0         0         0 0.0784591
  21.2678  -10.1325         0         0         0 0.0784591
  21.3842  -10.1144         0         0         0 0.0784591
  21.7625  -10.0555         0         0         0 0.0784591
  21.7973  -10.0505         0         0         0 0.0784591
   22.009  -10.0175         0         0         0 0.0784591
  22.2572  -9.98055         0         0         0 0.0784591
  22.5058  -9.94215         0         0         0 0.0815549
  22.6212  -9.92227         0         0         0 0.0936566
 22.9898 -9.82734        0        0        0 0.139173
 23.2304 -9.76139        0        0        0 0.139173
  23.267 -9.75162        0        0        0 0.139173
 23.4712  -9.6951        0        0        0 0.139173
 23.5082  -9.6846        0        0        0 0.139173
 23.7131   -9.627        0        0        0 0.139173
  23.749  -9.6166        0        0        0 0.139173
  23.953 -9.56005        0        0        0 0.139173
  23.989  -9.5496        0        0        0 0.139173
 24.3087 -9.45616        0        0        0 0.147809
 24.6726 -9.34906        0        0        0 0.147809
 24.7083 -9.33846        0        0        0 0.147809
 24.9122 -9.27898        0        0        0 0.142274
 25.0307 -9.24415        0        0        0 0.147809
 25.1876 -9.19155        0        0        0 0.174885
 25.3842 -9.11467        0        0        0 0.182236
 25.4211 -9.10013        0        0        0  0.18353
 25.5767 -9.03804        0        0        0 0.190809
  25.656  -9.0051        0        0        0 0.192115
 25.8479 -8.91888        0        0        0  0.23644
 25.9595    -8.86        0        0        0 0.241922
 26.3143 -8.66902        0        0        0 0.241922
 26.4607 -8.59033        0        0        0 0.241922
 26.5347 -8.54997        0        0        0 0.241922
 26.6838  -8.4693        0        0        0 0.241922
 26.8312 -8.39065        0        0        0 0.241922
  26.906  -8.3502        0        0        0 0.241922
 27.1312  -8.2338        0        0        0 0.223249
 27.2082 -8.19952        0        0        0 0.201525
 27.4415 -8.10424        0        0        0 0.190809
 27.5181 -8.07356        0        0        0 0.190809
 27.5956 -8.04312        0        0        0 0.182236
 27.6737 -8.01208        0        0        0 0.182236
  27.829 -7.95473        0        0        0 0.163286
 27.9105 -7.92873        0        0        0 0.141169
 28.0708 -7.88875        0        0        0 0.104528
 28.1524 -7.87025        0        0        0 0.104528
 28.3136 -7.83484        0        0        0 0.104528
 28.3968 -7.81637        0        0        0 0.104528
 28.5598  -7.7804        0        0        0 0.104528
  28.641 -7.76235        0        0        0 0.104528
 28.8055 -7.72641        0        0        0 0.104528
 28.8851 -7.70835        0        0        0 0.104528
 29.0503 -7.67164        0        0        0 0.104528
  29.2158  -7.63955         0         0         0 0.0823141
  29.2986  -7.62782         0         0         0 0.0569244
  29.3828  -7.62125         0         0         0 0.0276099
   29.5499      -7.62          0          0          0 0.00872654
   29.6339      -7.62          0          0          0 0.00872654
29.7997   -7.62       0       0       0       0
29.883  -7.62      0      0      0      0
30.0487   -7.62       0       0       0       0
30.132  -7.62      0      0      0      0
30.3026   -7.62       0       0       0       0
30.3851   -7.62       0       0       0       0
30.5533   -7.62       0       0       0       0
30.7179   -7.62       0       0       0       0
30.805  -7.62      0      0      0      0
30.972  -7.62      0      0      0      0
31.143  -7.62      0      0      0      0
    31.395   -7.62096          0          0          0 -0.0171167
   31.5594   -7.63241          0          0          0 -0.0460824
  31.8071  -7.65769         0         0         0 -0.052336
   32.0588    -7.6919          0          0          0 -0.0899608
  32.3823  -7.77153         0         0         0 -0.130526
  32.5435  -7.81519         0         0         0 -0.130526
  32.6222  -7.83652         0         0         0 -0.130526
  32.7852  -7.88285         0         0         0 -0.153385
  33.0186  -7.97712         0         0         0 -0.227701
  33.0932   -8.0141         0         0         0 -0.233445
  33.2406  -8.08947         0         0         0 -0.233445
  33.3172  -8.12809         0         0         0 -0.233445
  33.4646  -8.20514         0         0         0 -0.244676
  33.5382  -8.24712         0         0         0 -0.267277
   33.676  -8.33911         0         0         0 -0.309017
  33.7442  -8.38813         0         0         0 -0.309017
  33.9191  -8.51758         0         0         0 -0.317305
 33.9452 -8.53717        0        0        0 -0.31735
  34.1156   -8.6762         0         0         0 -0.356065
  34.1402  -8.69822         0         0         0 -0.366604
  34.2943  -8.85033         0         0         0 -0.382683
    34.47  -9.02534         0         0         0 -0.382683
  34.4937  -9.04969         0         0         0 -0.382683
  34.6697  -9.22568         0         0         0 -0.382307
  34.8275  -9.37272         0         0         0 -0.347303
  35.0115   -9.5084         0         0         0 -0.260748
 35.0407 -9.52486        0        0        0 -0.24071
  35.1973  -9.58423         0         0         0 -0.121219
  35.2256  -9.59054         0         0         0 -0.104106
   35.4514   -9.63554          0          0          0 -0.0958458
   35.4855   -9.64244          0          0          0 -0.0958458
   35.6492   -9.67236          0          0          0 -0.0958458
    35.655     -9.673          0          0          0 -0.0958458
   35.7992   -9.69812          0          0          0 -0.0958458
   35.9625   -9.73151          0          0          0 -0.0958458
   36.1918   -9.77556          0          0          0 -0.0958458
   36.2347   -9.78397          0          0          0 -0.0958458
   36.4391   -9.82362          0          0          0 -0.0958458
   36.6885   -9.87221          0          0          0 -0.0958458
   36.7251   -9.87918          0          0          0 -0.0958458
   36.9294    -9.9182          0          0          0 -0.0871557
   36.9722   -9.92598          0          0          0 -0.0871557
    37.177   -9.96083          0          0          0 -0.0840834
   37.2185   -9.96754          0          0          0 -0.0765518
   37.5355   -9.99658          0          0          0 -0.0123793
    37.6202    -9.99826           0           0           0 -0.00872654
    37.7866    -10.0016           0           0           0 -0.00872654
    37.8727    -10.0033           0           0           0 -0.00872654
    38.0377    -10.0066           0           0           0 -0.00872654
    38.1209    -10.0083           0           0           0 -0.00872654
    38.2064    -10.0099           0           0           0 -0.00872654
    38.3713    -10.0133           0           0           0 -0.00872654
    38.4573    -10.0149           0           0           0 -0.00872654
    38.6241    -10.0183           0           0           0 -0.00872654
    38.8749    -10.0233           0           0           0 -0.00872654
    39.1249    -10.0283           0           0           0 -0.00872654
    39.3774    -10.0333           0           0           0 -0.00872654
    39.8806    -10.0433           0           0           0 -0.00872654
    40.3826    -10.0533           0           0           0 -0.00872654
    40.7173      -10.06           0           0           0 -0.00872654
   40.9683    -10.065          0          0          0 -0.0173295
   41.1379   -10.0747          0          0          0 -0.0466328
  41.3842  -10.1222         0         0         0 -0.148125
  41.4623  -10.1498         0         0         0 -0.190458
  41.6102  -10.2287         0         0         0 -0.287246
   41.678  -10.2789         0         0         0 -0.334474
  41.7941  -10.3945         0         0         0 -0.425689
  41.9226  -10.6079         0         0         0 -0.554745
  41.9513  -10.6883         0         0         0 -0.595379
  41.9827   -10.847         0         0         0 -0.669381
   41.987  -10.9334         0         0         0 -0.707107
   41.987  -11.0817         0         0         0 -0.711121
  41.9914  -11.3294         0         0         0 -0.700909
  41.9947  -11.4687         0         0         0 -0.700909
  41.9974  -11.6523         0         0         0 -0.700909
  42.0014  -11.8552         0         0         0 -0.700909
   42.006  -12.1073         0         0         0 -0.700909
 41.9986 -12.4067        0        0        0 -0.73349
  41.9878  -12.5289         0         0         0 -0.737277
 41.9661 -12.8607        0        0        0 -0.71934
 41.9556 -13.1574        0        0        0 -0.71934
 41.9486 -13.4075        0        0        0 -0.71934
 41.9423 -13.6592        0        0        0 -0.71934
 41.9353  -13.909        0        0        0 -0.71934
  41.9243  -14.1586         0         0         0 -0.725374
   41.915  -14.3668         0         0         0 -0.725374
  41.8904  -14.8684         0         0         0 -0.725374
  41.8815  -15.0345         0         0         0 -0.725374
  41.8736     -15.2         0         0         0 -0.725374
  41.8699  -15.5318         0         0         0 -0.695424
  41.8738   -15.636         0         0         0 -0.694658
  41.8759  -15.6825         0         0         0 -0.694658
  41.8814  -15.8475         0         0         0 -0.694658
  41.8877  -16.0547         0         0         0 -0.694658
  41.8918   -16.182         0         0         0 -0.694658
  41.8972  -16.3478         0         0         0 -0.694658
  41.8998  -16.4323         0         0         0 -0.694658
  41.9052  -16.6021         0         0         0 -0.694658
  41.9078  -16.6843         0         0         0 -0.694658
  41.9123  -16.8525         0         0         0 -0.694658
  41.9148  -16.9354         0         0         0 -0.694658
  41.9205  -17.1042         0         0         0 -0.693093
  41.9247  -17.1864         0         0         0 -0.688355
  41.9398  -17.3523         0         0         0 -0.659339
  41.9534  -17.4346         0         0         0 -0.637014
   41.992  -17.5971         0         0         0 -0.615662
  42.0122  -17.6786         0         0         0 -0.615662
  42.0485  -17.8265         0         0         0 -0.615662
  42.054 -17.8623        0        0        0 -0.67559
  42.0928  -18.1687         0         0         0 -0.656059
  42.1161    -18.33         0         0         0 -0.656059
  42.1278  -18.4147         0         0         0 -0.656059
  42.1628  -18.6627         0         0         0 -0.656059
  42.1978  -18.9128         0         0         0 -0.656059
   42.222  -19.0838         0         0         0 -0.656059
  42.2551  -19.3318         0         0         0 -0.656059
  42.2784  -19.4988         0         0         0 -0.656059
  42.2891  -19.5808         0         0         0 -0.662517
  42.3124  -19.7502         0         0         0 -0.658274
  42.3474  -19.9978         0         0         0 -0.656059
  42.3591  -20.0818         0         0         0 -0.656059
  42.3753  -20.1974         0         0         0 -0.656059
  42.3579  -20.0613         0         0         0 -0.656059
  42.3461  -19.9778         0         0         0 -0.656059
  42.3239   -19.816         0         0         0 -0.656059
  42.2886  -19.5681         0         0         0 -0.656059
  42.2421  -19.2352         0         0         0 -0.656059
  42.2186    -19.07         0         0         0 -0.656059
  42.1836   -18.823         0         0         0 -0.656059
  42.1539  -18.6155         0         0         0 -0.656059
  42.1333  -18.4696         0         0         0 -0.656059
    42.11  -18.3054         0         0         0 -0.656059
  42.0759  -18.0583         0         0         0 -0.669131
  42.0501  -17.8103         0         0         0 -0.669131
  42.0419  -17.7299         0         0         0 -0.669131
  42.0253  -17.5591         0         0         0 -0.676737
  42.0195  -17.4779         0         0         0 -0.681998
  42.0095  -17.3091         0         0         0 -0.681998
  42.0036  -17.2242         0         0         0 -0.681998
  41.9903    -17.06         0         0         0 -0.676742
  41.9836  -16.9761         0         0         0 -0.681998
   41.977  -16.8109         0         0         0 -0.703135
 41.9779 -16.7262        0        0        0 -0.71847
 41.9844   -16.56        0        0        0 -0.71934
 41.9877 -16.4751        0        0        0 -0.71934
 41.9944 -16.3097        0        0        0 -0.71934
 41.9977  -16.224        0        0        0 -0.71934
 42.0044 -16.0557        0        0        0 -0.71934
 42.0144 -15.8062        0        0        0 -0.71934
 42.0177 -15.7249        0        0        0 -0.71934
 42.0244  -15.555        0        0        0 -0.71934
 42.0278 -15.4728        0        0        0 -0.71934
 42.0344 -15.3016        0        0        0 -0.71934
 42.0444 -15.0559        0        0        0 -0.71934
 42.0478  -14.972        0        0        0 -0.71934
   42.053  -14.8554         0         0         0 -0.724042
 42.0643 -14.5535        0        0        0 -0.71934
 42.0577 -14.7852        0        0        0 -0.71325
    42.06  -14.9848         0         0         0 -0.672202
    42.06  -14.9909         0         0         0 -0.650196
    42.06   -14.993         0         0         0 -0.575048
    42.06   -14.993         0         0         0 -0.447795
    42.06   -14.993         0         0         0 -0.268601
    42.06   -14.993         0         0         0 -0.123264
     42.06    -14.993          0          0          0 -0.0261769
   42.2083    -15.001          0          0          0 -0.0261769
   42.4573    -15.013          0          0          0 -0.0174524
  42.6226  -15.0121         0         0         0 0.0227959
  42.9531  -14.9632         0         0         0 0.0958458
  43.1154  -14.9319         0         0         0 0.0958458
  43.3624  -14.8835         0         0         0 0.0958458
  43.6094  -14.8345         0         0         0 0.0958458
  43.8561  -14.7859         0         0         0 0.0958458
  44.1031  -14.7369         0         0         0 0.0958458
  44.1855  -14.7217         0         0         0 0.0871557
  44.3491  -14.6929         0         0         0 0.0871557
  44.4325  -14.6778         0         0         0 0.0871557
  44.6785  -14.6348         0         0         0 0.0868958
  44.8438  -14.6086         0         0         0 0.0784591
  44.9255  -14.5958         0         0         0 0.0784591
  45.1419  -14.5654         0         0         0 0.0697565
  45.1746  -14.5608         0         0         0 0.0697565
   45.389  -14.5305         0         0         0 0.0666138
  45.4225  -14.5258         0         0         0 0.0610485
   45.642  -14.4988         0         0         0 0.0610485
  45.6746  -14.4948         0         0         0 0.0610485
  45.8892  -14.4698         0         0         0 0.0610485
  45.9246  -14.4656         0         0         0 0.0610485
  46.1408  -14.4398         0         0         0 0.0610485
  46.1767  -14.4356         0         0         0 0.0610485
  46.3915  -14.4098         0         0         0 0.0578653
  46.4103  -14.4075         0         0         0 0.0544513
  46.4931  -14.3976         0         0         0 0.0610485
   46.743  -14.3676         0         0         0 0.0610485
  46.8246  -14.3575         0         0         0 0.0616549
  46.9927   -14.334         0         0         0 0.0697565
  47.1565  -14.3107         0         0         0 0.0784591
  47.3208  -14.2874         0         0         0 0.0704151
  47.8157  -14.2108         0         0         0 0.0968578
 48.0626 -14.1599        0        0        0 0.104528
 48.3087 -14.1078        0        0        0 0.104528
  48.391  -14.091        0        0        0 0.104528
 48.5559 -14.0557        0        0        0 0.104528
 48.6391  -14.038        0        0        0 0.104528
 48.8026 -14.0038        0        0        0 0.104528
 48.8832  -13.987        0        0        0 0.104528
 49.0476 -13.9518        0        0        0 0.104528
 49.1281  -13.935        0        0        0 0.104528
 49.2906 -13.9008        0        0        0 0.104528
  49.372 -13.8832        0        0        0 0.104528
  49.5367  -13.8486         0         0         0 0.0958458
   49.618  -13.8338         0         0         0 0.0888933
  49.7859  -13.8112         0         0         0 0.0436194
   49.868   -13.803         0         0         0 0.0436194
  50.0339  -13.7882         0         0         0 0.0436194
  50.1172  -13.7806         0         0         0 0.0436194
  50.3671  -13.7596         0         0         0 0.0436194
  50.5346  -13.7444         0         0         0 0.0436194
   50.617  -13.7376         0         0         0 0.0436194
  50.7828  -13.7234         0         0         0 0.0436194
  50.8667  -13.7158         0         0         0 0.0436194
  51.0317  -13.7024         0         0         0 0.0436194
  51.1158  -13.6948         0         0         0 0.0436194
  51.2858  -13.6802         0         0         0 0.0436194
  51.3679  -13.6736         0         0         0 0.0436194
  51.5359  -13.6594         0         0         0 0.0331427
  51.6187  -13.6553         0         0         0 0.0188383
   51.7881   -13.6546          0          0          0 -0.0227422
   51.8712   -13.6614          0          0          0 -0.0513059
   52.0367   -13.6812          0          0          0 -0.0610485
   52.1192   -13.6913          0          0          0 -0.0610485
   52.2849   -13.7122          0          0          0 -0.0610485
   52.3691   -13.7223          0          0          0 -0.0610485
   52.5341   -13.7432          0          0          0 -0.0610485
   52.6181   -13.7533          0          0          0 -0.0610485
   52.7832   -13.7752          0          0          0 -0.0610485
   52.8663   -13.7853          0          0          0 -0.0610485
   53.0332   -13.8062          0          0          0 -0.0610485
   53.1163   -13.8163          0          0          0 -0.0610485
    53.285   -13.8365          0          0          0 -0.0610485
   53.3663   -13.8472          0          0          0 -0.0610485
   53.5332   -13.8677          0          0          0 -0.0610485
   53.6144   -13.8783          0          0          0 -0.0610485
   53.7825   -13.8987          0          0          0 -0.0610485
   53.8654   -13.9096          0          0          0 -0.0610485
   54.0333   -13.9295          0          0          0 -0.0610485
   54.1163   -13.9395          0          0          0 -0.0610485
    54.281   -13.9605          0          0          0 -0.0610485
   54.4483   -13.9806          0          0          0 -0.0610485
    54.529   -13.9905          0          0          0 -0.0610485
    54.613   -14.0015          0          0          0 -0.0610485
   54.7781   -14.0215          0          0          0 -0.0610485
   54.8614   -14.0316          0          0          0 -0.0610485
   55.0297    -14.052          0          0          0 -0.0610485
   55.1105   -14.0626          0          0          0 -0.0610485
   55.3584   -14.0926          0          0          0 -0.0610485
   55.6094   -14.1228          0          0          0 -0.0610485
  55.9429  -14.1627         0         0         0 -0.052336
   56.1905   -14.1839          0          0          0 -0.0292351
   56.5242   -14.2012          0          0          0 -0.0348995
   56.7751   -14.2213          0          0          0 -0.0377671
   56.8555   -14.2279          0          0          0 -0.0436194
   57.0261   -14.2413          0          0          0 -0.0436194
   57.1085   -14.2479          0          0          0 -0.0436194
   57.2759   -14.2613          0          0          0 -0.0436194
   57.3596    -14.268          0          0          0 -0.0436194
   57.5259   -14.2813          0          0          0 -0.0436194
   57.6085    -14.288          0          0          0 -0.0436194
   57.7754   -14.3013          0          0          0 -0.0436194
   58.0239   -14.3213          0          0          0 -0.0436194
   58.2733   -14.3413          0          0          0 -0.0436194
   58.5236   -14.3613          0          0          0 -0.0436194
   58.6907   -14.3748          0          0          0 -0.0436194
    58.775   -14.3815          0          0          0 -0.0436194
   58.9753   -14.3975          0          0          0 -0.0436194
   59.3259   -14.4282          0          0          0 -0.0555647
  59.5746  -14.4738         0         0         0 -0.131411
   59.801  -14.5648         0         0         0 -0.259619
  59.8293  -14.5816         0         0         0 -0.277002
  60.0082  -14.7091         0         0         0 -0.309017
  60.1044  -14.7808         0         0         0 -0.323389
  60.2341  -14.8869         0         0         0 -0.351104
  60.4065  -15.0712         0         0         0 -0.447919
  60.5184  -15.2802         0         0         0 -0.573968
  60.5291   -15.312         0         0         0 -0.398749
  60.7714  -15.5683         0         0         0 -0.373816
  60.8916  -15.6754         0         0         0 -0.330735
  60.9276  -15.7024         0         0         0 -0.298259
   60.939   -15.709         0         0         0 -0.165048
  61.0016  -15.7308         0         0         0 -0.165048
  61.1921  -15.7948         0         0         0 -0.165048
  61.4241  -15.8727         0         0         0 -0.153311
   61.4804     -15.89          0          0          0 -0.0981245
   61.4811     -15.89          0          0          0 -0.0835296
   61.4867     -15.89          0          0          0 0.00318787
   61.4958     -15.89          0          0          0 0.00995778
  61.5905  -15.8877         0         0         0 0.0174524
   61.671  -15.8852         0         0         0 0.0174524
   61.837  -15.8797         0         0         0 0.0174524
  62.0884  -15.8697         0         0         0 0.0174524
  62.3443  -15.8606         0         0         0 0.0174524
  62.5943  -15.8506         0         0         0 0.0174524
  62.8446  -15.8426         0         0         0 0.0174524
  63.0112   -15.836         0         0         0 0.0174524
  63.2612   -15.827         0         0         0 0.0174524
  63.4312  -15.8211         0         0         0 0.0174524
  63.5981  -15.8146         0         0         0 0.0174524
  63.8494  -15.8056         0         0         0 0.0174524
  64.1014  -15.7966         0         0         0 0.0174524
  64.2692  -15.7909         0         0         0 0.0174524
  64.5186  -15.7819         0         0         0 0.0174524
  64.6032  -15.7786         0         0         0 0.0194054
  64.6864  -15.7752         0         0         0 0.0261769
  64.8512  -15.7594         0         0         0 0.0649628
  64.9335  -15.7477         0         0         0 0.0784591
  65.0993  -15.7214         0         0         0 0.0784591
  65.2668  -15.6953         0         0         0 0.0784591
  65.3481  -15.6824         0         0         0 0.0784591
  65.5951  -15.6434         0         0         0 0.0784591
  65.8441  -15.6039         0         0         0 0.0784591
  66.0903  -15.5659         0         0         0 0.0784591
  66.3384  -15.5269         0         0         0 0.0784591
  66.5709  -15.4899         0         0         0 0.0784591
  66.3438  -15.5252         0         0         0 0.0784591
  66.1857    -15.55         0         0         0 0.0784591
  66.0498   -15.556         0         0         0 0.0174524
  65.8174   -15.565         0         0         0 0.0261769
  65.6544  -15.5716         0         0         0 0.0261769
  65.3204   -15.585         0         0         0 0.0261769
  65.0705   -15.595         0         0         0 0.0261769
   64.735  -15.6083         0         0         0 0.0261769
  64.6556  -15.6117         0         0         0 0.0261769
   64.598   -15.614         0         0         0 0.0233245
   64.592   -15.614         0         0         0 0.0784591
  64.4453  -15.6362         0         0         0 0.0784591
  64.2852  -15.6608         0         0         0 0.0784591
  63.9572  -15.7113         0         0         0 0.0784591
  63.7423  -15.7436         0         0         0 0.0697565
  63.7102  -15.7482         0         0         0 0.0694506
  63.4937  -15.7742         0         0         0 0.0610485
  63.4601  -15.7783         0         0         0 0.0613657
  63.1265   -15.825         0         0         0 0.0697565
  62.9602  -15.8475         0         0         0 0.0603754
  62.7477  -15.8657         0         0         0 0.0261769
  62.6269  -15.8715         0         0         0 0.0261769
   62.461  -15.8792         0         0         0 0.0254854
62.2466 -15.883       0       0       0       0
     62.096     -15.883           0           0           0 -0.00872654
    62.0959     -15.883           0           0           0 -0.00872654
 61.957 -15.883       0       0       0       0
61.7458 -15.883       0       0       0       0
61.7062 -15.883       0       0       0       0
61.5916 -15.883       0       0       0       0
    61.591    -15.883          0          0          0 -0.0380989
   61.4349   -15.8757          0          0          0 -0.0261769
   61.2237   -15.8649          0          0          0 -0.0293752
   61.1822   -15.8624          0          0          0 -0.0348995
   60.9779     -15.84          0          0          0 -0.0762616
  60.8553  -15.8148         0         0         0 -0.126573
  60.7753  -15.7901         0         0         0 -0.169994
  60.7034  -15.7609         0         0         0 -0.206362
 60.5751 -15.6884        0        0        0  -0.3016
  60.4193  -15.5396         0         0         0 -0.435092
 60.2944 -15.3023        0        0        0  -0.5762
   60.226  -15.0998         0         0         0 -0.580703
    60.31  -15.3536         0         0         0 -0.594823
    60.31   -15.356         0         0         0 -0.687903
    60.31   -15.357         0         0         0 -0.734971
    60.31   -15.358         0         0         0 -0.773686
  60.2936  -15.4582         0         0         0 -0.766044
  60.2832  -15.5198         0         0         0 -0.766044
  60.2686  -15.6019         0         0         0 -0.766044
  60.2604  -15.6494         0         0         0 -0.766044
  60.2436  -15.7425         0         0         0 -0.766044
  60.2362  -15.7809         0         0         0 -0.766044
   60.232   -15.804         0         0         0 -0.766044
   60.232   -15.805         0         0         0 -0.777146
   60.223  -15.8461         0         0         0 -0.777146
  60.2101  -15.9134         0         0         0 -0.777146
  60.1845  -16.0313         0         0         0 -0.777146
  60.1811  -16.0464         0         0         0 -0.777146
  60.1761  -16.0684         0         0         0 -0.777146
   60.169  -16.1069         0         0         0 -0.777146
  60.1554  -16.1671         0         0         0 -0.777146
   60.123  -16.3179         0         0         0 -0.777146
  60.0949  -16.4432         0         0         0 -0.777146
   60.067  -16.5671         0         0         0 -0.788011
  60.0351  -16.6737         0         0         0 -0.803857
  60.0266  -16.7035         0         0         0 -0.803857
  60.0078  -16.7656         0         0         0 -0.803857
   60.001  -16.7881         0         0         0 -0.803857
  59.9884  -16.8336         0         0         0 -0.803857
  59.9665  -16.9063         0         0         0 -0.803857
   59.948  -16.9675         0         0         0 -0.803857
  59.9322  -17.0191         0         0         0 -0.803857
   59.863  -17.2518         0         0         0 -0.803857
  59.8177  -17.4126         0         0         0 -0.798635
   59.795  -17.4927         0         0         0 -0.798635
  59.7635   -17.606         0         0         0 -0.794679
   59.762  -17.6129         0         0         0 -0.798635
   59.762   -17.615         0         0         0 -0.788011
  59.7588  -17.6286         0         0         0 -0.782608
  59.7495  -17.6691         0         0         0 -0.782608
  59.6947  -17.8989         0         0         0 -0.782608
  59.6581  -18.0642         0         0         0 -0.777146
  59.6412  -18.1458         0         0         0 -0.777146
  59.5873  -18.3927         0         0         0 -0.777146
   59.552  -18.5555         0         0         0 -0.777146
  59.5343  -18.6378         0         0         0 -0.777146
     59.5  -18.8015         0         0         0 -0.777146
  59.4823  -18.8838         0         0         0 -0.777146
   59.447  -19.0472         0         0         0 -0.777146
  59.4293  -19.1298         0         0         0 -0.777146
  59.3792  -19.3738         0         0         0 -0.766174
   59.356  -19.5395         0         0         0 -0.743145
 59.3303 -19.7942        0        0        0 -0.74117
  59.3053  -20.0459         0         0         0 -0.737277
  59.2969  -20.1289         0         0         0 -0.737277
 59.2719   -20.38        0        0        0 -0.74303
  59.2469    -20.63         0         0         0 -0.737277
  59.2303  -20.7946         0         0         0 -0.737277
  59.2066   -21.044         0         0         0 -0.735275
  59.2009  -21.1309         0         0         0 -0.731237
  59.195  -21.346        0        0        0 -0.71325
   59.195  -21.5957         0         0         0 -0.707107
   59.195  -21.6331         0         0         0 -0.707107
   59.195  -21.8517         0         0         0 -0.700909
   59.195  -22.0091         0         0         0 -0.700909
   59.195   -22.013         0         0         0 -0.669131
  59.2024  -22.1281         0         0         0 -0.679565
  59.2186  -22.3584         0         0         0 -0.681998
  59.2245  -22.4462         0         0         0 -0.681998
  59.2441  -22.6516         0         0         0 -0.669131
  59.2591  -22.7846         0         0         0 -0.669131
  59.2742  -22.9232         0         0         0 -0.669131
  59.2857   -23.031         0         0         0 -0.669131
 59.3007 -23.1726        0        0        0 -0.66262
 59.3208 -23.3422        0        0        0 -0.66262
  59.3459  -23.5229         0         0         0 -0.654497
  59.3704  -23.6462         0         0         0 -0.605479
  59.4127  -23.7517         0         0         0 -0.529919
  59.4789  -23.8911         0         0         0 -0.529919
  59.5781  -24.0975         0         0         0 -0.529919
  59.6868  -24.3232         0         0         0 -0.529919
  59.7961  -24.5486         0         0         0 -0.529919
  59.9051  -24.7746         0         0         0 -0.529919
  60.0151  -25.0006         0         0         0 -0.527851
  60.1336  -25.2191         0         0         0 -0.488148
 60.3179 -25.4994        0        0        0 -0.46205
  60.4497  -25.6702         0         0         0 -0.410009
  60.5919  -25.8133         0         0         0 -0.366501
  60.7779   -25.985         0         0         0 -0.366501
  60.9616  -26.1566         0         0         0 -0.377206
  61.0779  -26.2762         0         0         0 -0.398749
  61.1921  -26.3991         0         0         0 -0.398749
  61.3621  -26.5821         0         0         0 -0.398749
   61.475  -26.7026         0         0         0 -0.398749
  61.5331  -26.7641         0         0         0 -0.398749
  61.6474  -26.8881         0         0         0 -0.398749
  61.7022  -26.9472         0         0         0 -0.398749
   61.817  -27.0701         0         0         0 -0.398749
  61.8722  -27.1292         0         0         0 -0.398749
  62.0444  -27.3145         0         0         0 -0.398749
  62.1567  -27.4355         0         0         0 -0.398749
  62.2713  -27.5576         0         0         0 -0.398749
  62.3288  -27.6189         0         0         0 -0.398749
  62.3865  -27.6806         0         0         0 -0.398749
  62.5004  -27.8021         0         0         0 -0.398749
  62.6684  -27.9835         0         0         0 -0.398749
   62.875  -28.2052         0         0         0 -0.398749
  63.0463  -28.3877         0         0         0 -0.390731
   63.218  -28.5643         0         0         0 -0.390731
  63.3828  -28.7331         0         0         0 -0.390731
  63.4948  -28.8488         0         0         0 -0.390731
  63.6241  -28.9812         0         0         0 -0.407448
  63.6802   -29.053         0         0         0 -0.486127
  63.749 -29.1718        0        0        0     -0.5
 63.8683 -29.3797        0        0        0     -0.5
 63.9288 -29.4845        0        0        0     -0.5
  63.9714  -29.5577         0         0         0 -0.492424
  64.0222  -29.6443         0         0         0 -0.492424
  64.0894  -29.7583         0         0         0 -0.492424
  64.1637  -29.8855         0         0         0 -0.492424
  64.2483  -30.0294         0         0         0 -0.492424
  64.3436  -30.1885         0         0         0 -0.492424
  64.4219  -30.3188         0         0         0 -0.492424
  64.5208  -30.4841         0         0         0 -0.492424
  64.5828  -30.5879         0         0         0 -0.492424
  64.6392  -30.6846         0         0         0 -0.510394
  64.6857  -30.7861         0         0         0 -0.574727
  64.6913  -30.8035         0         0         0 -0.592317
 64.7094  -30.892        0        0        0 -0.67896
  64.7039  -30.9838         0         0         0 -0.763845
  64.6636  -31.1013         0         0         0 -0.850857
  64.6166  -31.1739         0        -0        -0 -0.901011
  64.5898  -31.2042         0        -0        -0 -0.919554
  64.5756  -31.2184         0        -0        -0 -0.938622
   64.574    -31.22         0        -0        -0 -0.963631
   64.572    -31.22         0        -0        -0 -0.978148
 64.4993 -31.2562        0       -0       -0 -0.97437
  64.494  -31.258        0       -0       -0 -0.97437
   64.491   -31.258         0        -0        -0 -0.978042
   64.489   -31.258         0        -0        -0 -0.987688
  64.4035  -31.2854         0        -0        -0 -0.987688
  64.3826  -31.2902         0        -0        -0 -0.994794
  64.1097  -31.3438         0        -0        -0 -0.995396
  63.9467  -31.3767         0        -0        -0 -0.995396
  63.8636  -31.3929         0        -0        -0 -0.995396
  63.7815  -31.4097         0        -0        -0 -0.993894
  63.6228  -31.4498         0        -0        -0 -0.989059
  63.3847  -31.5268         0        -0        -0 -0.987688
  63.1448  -31.6064         0        -0        -0 -0.987654
  63.0667  -31.6327         0        -0        -0 -0.986286
  62.9099  -31.6904         0        -0        -0 -0.983255
 62.8344   -31.72        0       -0       -0 -0.98218
  62.6768  -31.7825         0        -0        -0 -0.981627
  62.4458  -31.8755         0        -0        -0 -0.981627
  62.2931  -31.9366         0        -0        -0 -0.981627
  62.1385  -32.0011         0        -0        -0 -0.978678
  61.9889  -32.0737         0        -0        -0 -0.968032
 61.7759 -32.2087        0       -0       -0 -0.95882
 61.5668 -32.3468        0       -0       -0 -0.95882
 61.3571 -32.4859        0       -0       -0 -0.95882
  61.1483  -32.6238         0        -0        -0 -0.958658
 60.9391  -32.762        0       -0       -0 -0.95882
   60.729  -32.8999         0        -0        -0 -0.958992
  60.5181  -33.0339         0        -0        -0 -0.961262
  60.3081  -33.1689         0        -0        -0 -0.961262
  60.0971  -33.3038         0        -0        -0 -0.961262
  59.8833   -33.439         0        -0        -0 -0.961262
  59.8144  -33.4825         0        -0        -0 -0.961262
 59.7043 -33.5524        0       -0       -0 -0.95882
 59.6921 -33.5597        0       -0       -0 -0.95882
  59.4899  -33.6879         0        -0        -0 -0.961262
  59.4438  -33.7173         0        -0        -0 -0.961262
   59.298  -33.8108         0        -0        -0 -0.950459
  59.2597  -33.8435         0        -0        -0 -0.920505
  59.0317  -34.0804         0        -0        -0 -0.920505
  58.8626  -34.2566         0        -0        -0 -0.920505
  58.6944  -34.4308         0        -0        -0 -0.920505
  58.6038  -34.5242         0        -0        -0 -0.920505
  58.7634  -34.3597         0        -0        -0 -0.920505
  58.9184  -34.2006         0        -0        -0 -0.920505
  59.0946  -34.0168         0        -0        -0 -0.920505
  59.2568  -33.8497         0        -0        -0 -0.920505
  59.4189  -33.6836         0        -0        -0 -0.920505
   59.527  -33.5721         0        -0        -0 -0.920505
  59.6842   -33.406         0        -0        -0 -0.920505
  59.8358  -33.2494         0        -0        -0 -0.920505
   59.933  -33.1478         0        -0        -0 -0.920505
  60.0724  -33.0033         0        -0        -0 -0.920505
   60.225  -32.8587         0        -0        -0 -0.942174
  60.4682  -32.6737         0        -0        -0 -0.948324
  60.6373  -32.5449         0        -0        -0 -0.951057
  60.8187  -32.4251         0        -0        -0 -0.967187
  61.0179  -32.3188         0        -0        -0 -0.970296
  61.2375  -32.2015         0        -0        -0 -0.970296
  61.4595  -32.0815         0        -0        -0 -0.970296
  61.6802  -31.9645         0        -0        -0 -0.970296
  61.7544  -31.9249         0        -0        -0 -0.970296
  61.9017  -31.8452         0        -0        -0 -0.970296
  62.1235  -31.7255         0        -0        -0 -0.970296
  62.1974  -31.6859         0        -0        -0 -0.970296
  62.4165  -31.5678         0        -0        -0 -0.970296
  62.6376  -31.4498         0        -0        -0 -0.970296
  62.7863  -31.3702         0        -0        -0 -0.970296
 63.0772 -31.2239        0       -0       -0 -0.97437
 63.1943 -31.1658        0       -0       -0 -0.97437
 63.4143 -31.0579        0       -0       -0 -0.97437
 63.5627 -30.9858        0       -0       -0 -0.97437
 63.8624 -30.8398        0       -0       -0 -0.97437
 64.0884 -30.7288        0       -0       -0 -0.97237
    64.22  -30.6613         0        -0        -0 -0.970296
   64.238   -30.652         0        -0        -0 -0.970296
  64.2404   -30.652         0        -0        -0 -0.969514
   64.242   -30.652         0        -0        -0 -0.899092
  64.2592  -30.5866         0         0         0 -0.793353
   64.309   -30.404         0         0         0 -0.793353
   64.326   -30.337         0         0         0 -0.717429
   64.326   -30.337         0         0         0 -0.608171
   64.326   -30.336         0         0         0 -0.527909
   64.326   -30.336         0         0         0 -0.484195
   64.326   -30.336         0         0         0 -0.396479
   64.326   -30.336         0         0         0 -0.366501
   64.327   -30.337         0         0         0 -0.374607
   64.327   -30.337         0         0         0 -0.374607
   64.327   -30.337         0         0         0 -0.374607
   64.327   -30.337         0         0         0 -0.374607
   64.327   -30.337         0         0         0 -0.374607
   64.327   -30.337         0         0         0 -0.374607
   64.327   -30.337         0         0         0 -0.374607
   64.327   -30.337         0         0         0 -0.374607
   64.327   -30.337         0         0         0 -0.374607
   64.327   -30.337         0         0         0 -0.374607
   64.327   -30.337         0         0         0 -0.374607
   64.327   -30.337         0         0         0 -0.374607
   64.327   -30.337         0         0         0 -0.374607
   64.327   -30.337         0         0         0 -0.374607
   64.327   -30.337         0         0         0 -0.374607
   64.327   -30.337         0         0         0 -0.374607
   64.327   -30.337         0         0         0 -0.374607
   64.327   -30.337         0         0         0 -0.374607
   64.327   -30.337         0         0         0 -0.374607
   64.327   -30.337         0         0         0 -0.374607
   64.327   -30.337         0         0         0 -0.374607
   64.327   -30.337         0         0         0 -0.374607
   64.327   -30.337         0         0         0 -0.374607
   64.473  -30.4746         0         0         0 -0.374607
  64.4971  -30.4978         0         0         0 -0.374607
  64.6509  -30.6442         0         0         0 -0.374607
  64.6769  -30.6688         0         0         0 -0.374607
  64.8572  -30.8411         0         0         0 -0.374607
  65.0127  -30.9894         0         0         0 -0.374607
  65.0382  -31.0141         0         0         0 -0.374607
  65.1472  -31.1189         0         0         0 -0.374607
  65.2069  -31.1761         0         0         0 -0.374607
  65.3272  -31.2921         0         0         0 -0.374607
  65.3876  -31.3501         0         0         0 -0.374607
  65.5087  -31.4674         0         0         0 -0.374607
  65.5676  -31.5238         0         0         0 -0.374607
  65.6899  -31.6417         0         0         0 -0.374607
  65.7489  -31.6991         0         0         0 -0.374607
  65.8706  -31.8164         0         0         0 -0.374607
  66.0517  -31.9905         0         0         0 -0.374607
  66.2307  -32.1646         0         0         0 -0.374607
  66.2913  -32.2226         0         0         0 -0.374607
  66.4107  -32.3376         0         0         0 -0.374607
  66.4714  -32.3957         0         0         0 -0.374607
  66.5919  -32.5108         0         0         0 -0.374607
  66.6522  -32.5685         0         0         0 -0.374607
  66.7731  -32.6849         0         0         0 -0.374607
  66.8321  -32.7414         0         0         0 -0.374607
  66.9532   -32.858         0         0         0 -0.374607
  67.0123  -32.9155         0         0         0 -0.374607
  67.1344  -33.0308         0         0         0 -0.364882
  67.1974   -33.087         0         0         0 -0.343983
 67.3281 -33.1884        0        0        0 -0.29567
  67.5383  -33.2976         0         0         0 -0.168413
     67.603     -33.315           0           0           0 -0.00516432
  67.603  -33.315        0        0        0 0.162037
 67.7663 -33.2571        0        0        0 0.165048
  67.827  -33.237        0        0        0 0.254522
 67.8731 -33.2053        0        0        0 0.284015
 67.9839 -33.1333        0        0        0 0.284015
 68.0425 -33.0947        0        0        0 0.284015
 68.1625 -33.0162        0        0        0 0.284015
 68.3439 -32.8983        0        0        0 0.284015
 68.4849   -32.81        0        0        0 0.267238
  68.585 -32.7493        0        0        0 0.267238
 68.7431 -32.6528        0        0        0 0.267238
 68.8146 -32.6099        0        0        0 0.267238
 68.9554 -32.5245        0        0        0 0.267238
 69.0277 -32.4808        0        0        0 0.267238
 69.1707 -32.3932        0        0        0 0.267238
 69.4587 -32.2188        0        0        0 0.267238
 69.6744 -32.0899        0        0        0 0.267238
 69.8913 -31.9578        0        0        0 0.267238
 70.1024 -31.8257        0        0        0 0.284015
 70.3134 -31.6898        0        0        0 0.275637
 70.5255 -31.5547        0        0        0 0.275637
 70.7293 -31.4258        0        0        0 0.275637
 70.9061 -31.3137        0        0        0 0.284015
 71.0352 -31.2224        0        0        0 0.317305
 71.1591 -31.1282        0        0        0 0.317305
   71.17   -31.12        0        0        0 0.241098
 70.8832 -31.2771        0        0        0 0.262149
 70.6967 -31.3868        0        0        0 0.267238
 70.4804 -31.5148        0        0        0 0.267238
 70.3311  -31.603        0        0        0 0.258819
 70.3148 -31.6149        0        0        0 0.358368
 70.1453 -31.7657        0        0        0 0.350207
 70.0166 -31.8787        0        0        0 0.350207
 69.8289 -32.0437        0        0        0 0.350207
  69.641 -32.2096        0        0        0 0.350207
 69.3887 -32.4311        0        0        0 0.350207
 69.2007 -32.5961        0        0        0 0.350207
 69.0107 -32.7632        0        0        0 0.350207
 68.8509 -32.9039        0        0        0 0.350207
 68.8237 -32.9281        0        0        0 0.350207
 68.6775 -33.0559        0        0        0 0.350207
 68.5539 -33.1642        0        0        0 0.350207
 68.4748 -33.2332        0        0        0 0.350207
 68.4185 -33.2832        0        0        0 0.357747
 68.2372 -33.4425        0        0        0 0.350207
 68.1289 -33.5383        0        0        0 0.350207
  68.112  -33.553        0        0        0 0.349584
  68.11 -33.554       0       0       0  0.3025
   68.11  -33.554        0        0        0 0.197693
   68.11  -33.554        0        0        0 0.179606
    68.11   -33.554         0         0         0 0.0759436
     68.11    -33.554          0          0          0 -0.0196499
     68.11    -33.554          0          0          0 -0.0673055
    68.11   -33.554         0         0         0 -0.117063
    68.11   -33.554         0         0         0 -0.241215
    68.11   -33.554         0         0         0 -0.311294
    68.11   -33.554         0         0         0 -0.402575
   68.11  -33.554        0        0        0 -0.48481
 68.1912  -33.683        0        0        0 -0.48481
 68.3066 -33.8625        0        0        0 -0.48481
 68.4418 -34.0737        0        0        0 -0.48481
  68.5667  -34.2918         0         0         0 -0.528373
   68.644  -34.4914         0         0         0 -0.587785
  68.6888  -34.6279         0         0         0 -0.587785
  68.7589  -34.8505         0         0         0 -0.587785
  68.7704  -34.8869         0         0         0 -0.587785
  68.8311  -35.0825         0         0         0 -0.587785
  68.8411   -35.115         0         0         0 -0.587785
  68.8872  -35.2646         0         0         0 -0.587785
  68.9741  -35.5474         0         0         0 -0.604565
   69.011   -35.701         0         0         0 -0.754277
 69.0106 -35.7018        0        0        0 -0.84424
  68.9385  -35.8221         0        -0        -0 -0.870356
  68.7801  -36.0644         0        -0        -0 -0.887011
  68.6467  -36.2534         0        -0        -0 -0.894499
  68.4857  -36.4654         0        -0        -0 -0.896111
  68.3736  -36.6078         0        -0        -0 -0.909217
   68.365   -36.617         0        -0        -0 -0.943189
   68.365   -36.617         0        -0        -0 -0.948324
  68.2497  -36.7033         0        -0        -0 -0.948324
  68.0979  -36.8151         0        -0        -0 -0.951057
  67.9909  -36.8939         0        -0        -0 -0.951057
  67.8314   -37.011         0        -0        -0 -0.951057
   67.559  -37.2091         0        -0        -0 -0.951057
  67.1621  -37.5111         0        -0        -0 -0.939778
  66.7719  -37.8213         0        -0        -0 -0.945519
  66.3944  -38.1124         0        -0        -0 -0.945559
   66.131   -38.315         0        -0        -0 -0.945519
  66.4746  -38.0515         0        -0        -0 -0.948324
  66.7389  -37.8491         0        -0        -0 -0.948324
  67.0711  -37.5944         0        -0        -0 -0.945665
  67.4041  -37.3403         0        -0        -0 -0.945519
  67.6723  -37.1342         0        -0        -0 -0.948324
  67.8724  -36.9822         0        -0        -0 -0.948324
  68.0733  -36.8293         0        -0        -0 -0.948324
  68.2715  -36.6803         0        -0        -0 -0.948072
  68.3351  -36.6316         0        -0        -0 -0.947598
  68.4687  -36.5301         0        -0        -0 -0.948324
  68.5274  -36.4855         0        -0        -0 -0.948324
   68.569   -36.454         0        -0        -0 -0.898048
   68.521   -36.526         0        -0        -0 -0.878817
  68.6869  -36.2752         0        -0        -0 -0.878817
  68.8183  -36.0648         0         0         0 -0.864768
  68.871  -35.961        0        0        0 -0.81211
   68.871    -35.96         0         0         0 -0.691006
   68.871    -35.96         0         0         0 -0.533843
   68.871    -35.96         0         0         0 -0.402944
   68.871    -35.96         0         0         0 -0.366501
  68.9688  -36.0521         0         0         0 -0.374607
  69.0394  -36.1174         0         0         0 -0.374607
   69.042    -36.12         0         0         0 -0.317305
  69.1273   -36.187         0         0         0 -0.325568
  69.3408  -36.3535         0         0         0 -0.325568
  69.4272  -36.4214         0         0         0 -0.325568
  69.5555  -36.5215         0         0         0 -0.325568
  69.7123  -36.6432         0         0         0 -0.325568
  70.2171  -37.0351         0         0         0 -0.325568
  70.4169  -37.1911         0         0         0 -0.325568
  70.6159  -37.3471         0         0         0 -0.325568
  70.8125  -37.5102         0         0         0 -0.354614
  70.9404  -37.6354         0         0         0 -0.390731
  71.0321  -37.7415         0         0         0 -0.422618
  71.1604  -37.8924         0         0         0 -0.422618
   71.165   -37.897         0         0         0 -0.422618
   71.165   -37.897         0         0         0 -0.422618
   71.165   -37.897         0         0         0 -0.422618
   71.165   -37.897         0         0         0 -0.422618
   71.165   -37.897         0         0         0 -0.422618
   71.165   -37.897         0         0         0 -0.422618
   71.165   -37.897         0         0         0 -0.422618
   71.165   -37.897         0         0         0 -0.422618
   71.165   -37.897         0         0         0 -0.422618
   71.165   -37.897         0         0         0 -0.422618
   71.165   -37.897         0         0         0 -0.422618
   71.165   -37.897         0         0         0 -0.422618
   71.165   -37.897         0         0         0 -0.422618
   71.165   -37.897         0         0         0 -0.422618
   71.165   -37.897         0         0         0 -0.422618
   71.165   -37.897         0         0         0 -0.422618
   71.165   -37.897         0         0         0 -0.422618
   71.165   -37.897         0         0         0 -0.422618
   71.165   -37.897         0         0         0 -0.422618
  71.1651  -37.8991         0         0         0 -0.422618
  71.2382  -37.9845         0         0         0 -0.422618
  71.2895  -38.0459         0         0         0 -0.422618
   71.367   -38.137         0         0         0 -0.422618
   71.371  -38.1419         0         0         0 -0.422618
  71.4363  -38.2212         0         0         0 -0.422618
  71.5945  -38.4107         0         0         0 -0.422753
  71.7536  -38.6057         0         0         0 -0.430511
  71.8578  -38.7366         0         0         0 -0.438371
  71.9116  -38.8047         0         0         0 -0.446341
  72.0545  -39.0097         0         0         0 -0.469472
  72.1465  -39.1486         0         0         0 -0.469472
  72.1925  -39.2177         0         0         0 -0.477159
  72.3106  -39.3979         0         0         0 -0.479519
  72.3305  -39.4299         0         0         0 -0.484962
 72.4409 -39.6169        0        0        0     -0.5
 72.4584 -39.6478        0        0        0     -0.5
  72.5855  -39.8628         0         0         0 -0.492424
  72.6742  -40.0067         0         0         0 -0.492424
  72.7184  -40.0782         0         0         0 -0.492424
  72.8312  -40.2626         0         0         0 -0.492424
  72.8505  -40.2945         0         0         0 -0.492869
  72.9703  -40.5157         0         0         0 -0.522953
  73.0439  -40.6648         0         0         0 -0.529919
  73.0795  -40.7379         0         0         0 -0.529919
  73.1743  -40.9285         0         0         0 -0.529919
  73.1914  -40.9628         0         0         0 -0.529919
  73.2878  -41.1584         0         0         0 -0.529919
  73.3988  -41.3853         0         0         0 -0.529919
  73.4878  -41.5665         0         0         0 -0.529919
  73.5252  -41.6425         0         0         0 -0.529919
  73.6182  -41.8313         0         0         0 -0.529919
  73.6362  -41.8676         0         0         0 -0.529919
  73.7295  -42.0573         0         0         0 -0.529919
  73.7462  -42.0916         0         0         0 -0.529919
  73.8429  -42.2868         0         0         0 -0.526914
  73.8953  -42.3907         0         0         0 -0.516648
  73.9767  -42.5342         0         0         0 -0.490837
  74.0979  -42.7047         0         0         0 -0.446198
  74.1505  -42.7733         0         0         0 -0.446198
   74.165   -42.792         0         0         0 -0.379447
   74.165   -42.792         0         0         0 -0.212656
    74.165    -42.792          0          0          0 -0.0148403
  74.165  -42.792        0        0        0 0.133175
  74.166  -42.792        0        0        0 0.284015
   74.168   -42.792         0         0         0 0.0125128
  74.1682   -42.792         0         0         0 -0.128427
  74.1702  -42.7922         0         0         0 -0.273645
   74.171   -42.793         0         0         0 -0.412745
   74.171   -42.793         0         0         0 -0.522499
  74.2167  -42.8815         0         0         0 -0.515038
  74.2897  -43.0234         0         0         0 -0.522499
   74.332   -43.106         0         0         0 -0.516775
   74.333   -43.109         0         0         0 -0.606694
   74.333  -43.1092         0         0         0 -0.711414
 74.3186 -43.2079        0        0        0 -0.75471
  74.3054  -43.3038         0         0         0 -0.748956
   74.305   -43.311         0         0         0 -0.825482
   74.305    -43.31         0         0         0 -0.749231
   74.305   -43.311         0         0         0 -0.567003
   74.305   -43.311         0         0         0 -0.515116
   74.305   -43.311         0         0         0 -0.446798
   74.305   -43.311         0         0         0 -0.430597
   74.327   -43.332         0         0         0 -0.382683
   74.414   -43.418         0         0         0 -0.382683
  74.5294  -43.5334         0         0         0 -0.382683
  74.5805  -43.5845         0         0         0 -0.382683
  74.6741  -43.6781         0         0         0 -0.382683
  74.8107  -43.8151         0         0         0 -0.393614
 74.8562 -43.8634        0        0        0 -0.39945
  74.9779  -44.0185         0         0         0 -0.477848
  75.0584  -44.1813         0         0         0 -0.575481
  75.0687  -44.2123         0         0         0 -0.594823
  75.1232  -44.3927         0         0         0 -0.594823
  75.1317  -44.4213         0         0         0 -0.594823
  75.1742  -44.5662         0         0         0 -0.601815
  75.2157  -44.7059         0         0         0 -0.601815
  75.2358  -44.7747         0         0         0 -0.601815
  75.2552  -44.8418         0         0         0 -0.601815
  75.3677   -45.233         0         0         0 -0.601815
  75.3902  -45.3119         0         0         0 -0.601815
  75.4527  -45.5152         0         0         0 -0.578464
  75.4646    -45.55         0         0         0 -0.572922
 75.5488 -45.7433        0        0        0 -0.52694
  75.5641   -45.773         0         0         0 -0.521843
  75.6687  -45.9649         0         0         0 -0.507538
  75.6882  -45.9998         0         0         0 -0.507538
  75.7889  -46.1905         0         0         0 -0.532255
 75.8057 -46.2258        0        0        0 -0.53792
  75.8916   -46.424         0         0         0 -0.549018
  75.9047   -46.455         0         0         0 -0.544639
  75.9892  -46.6483         0         0         0 -0.544639
  76.0056  -46.6858         0         0         0 -0.544639
   76.093  -46.8782         0         0         0 -0.534971
  76.1108  -46.9146         0         0         0 -0.528038
  76.2173  -47.1001         0         0         0 -0.463264
  76.2378   -47.129         0         0         0 -0.451015
  76.3744  -47.2818         0         0         0 -0.382683
 76.5844 -47.4989        0        0        0 -0.40082
  76.7191  -47.6631         0         0         0 -0.461259
  76.8341    -47.88         0         0         0 -0.575531
  76.8467   -47.918         0         0         0 -0.597509
  76.8826  -48.1178         0         0         0 -0.688008
   76.884  -48.1583         0         0         0 -0.704052
  76.8619  -48.3583         0         0         0 -0.783985
  76.8506  -48.4015         0         0         0 -0.801304
  76.7713  -48.5925         0         0         0 -0.848048
  76.7499  -48.6353         0         0         0 -0.848048
  76.6372  -48.8649         0         0         0 -0.848048
  76.4538  -49.2368         0         0         0 -0.848048
  76.2859   -49.602         0         0         0 -0.818813
  76.2406  -49.7543         0         0         0 -0.779577
  76.2277  -50.0548         0         0         0 -0.678593
 76.2491  -50.314        0        0        0 -0.67559
 76.2664 -50.4805        0        0        0 -0.66332
  76.4106  -50.9436         0         0         0 -0.494848
  76.5032  -51.0776         0         0         0 -0.446198
  76.5578  -51.1497         0         0         0 -0.446198
  76.6605  -51.2836         0         0         0 -0.446198
  76.8639  -51.5518         0         0         0 -0.446198
  76.9669  -51.6862         0         0         0 -0.446198
  77.0668  -51.8176         0         0         0 -0.446198
  77.1189  -51.8852         0         0         0 -0.446198
  77.2188   -52.015         0         0         0 -0.446198
   77.322  -52.1475         0         0         0 -0.431024
 77.4315  -52.276        0        0        0 -0.39463
  77.5085  -52.3513         0         0         0 -0.294271
   77.511   -52.352         0         0         0 -0.149803
  77.5119   -52.352         0         0         0 0.0256159
     77.7  -52.3432         0         0         0 0.0261769
  77.8649  -52.3292         0         0         0 0.0549267
  78.0309  -52.3067         0         0         0 0.0610485
  78.1959  -52.2832         0         0         0 0.0697565
  78.3596  -52.2583         0         0         0 0.0897467
 78.5243 -52.2198        0        0        0 0.141912
 78.6025 -52.1939        0        0        0 0.178792
 78.6789 -52.1625        0        0        0 0.215847
 78.8238 -52.0779        0        0        0 0.284015
 78.9669 -51.9859        0        0        0 0.284015
 79.1072 -51.8955        0        0        0 0.284015
 79.2888 -51.7776        0        0        0 0.284015
 79.3162 -51.7595        0        0        0 0.284015
 79.4583 -51.6678        0        0        0 0.284015
 79.5287 -51.6225        0        0        0 0.284015
 79.6687 -51.5316        0        0        0 0.284015
 79.8082 -51.4419        0        0        0 0.284015
 79.8797 -51.3955        0        0        0 0.284015
 79.9503 -51.3502        0        0        0 0.284015
   80.13 -51.2344        0        0        0 0.284015
 80.2302 -51.1698        0        0        0 0.284015
 80.3713 -51.0791        0        0        0 0.284015
 80.5814 -50.9431        0        0        0 0.284015
 80.7915 -50.8101        0        0        0 0.266961
 80.9402 -50.7256        0        0        0 0.241922
 81.0863 -50.6479        0        0        0 0.241922
 81.4242 -50.4714        0        0        0 0.222264
 81.6938  -50.364        0        0        0 0.137226
   82.0202    -50.333          0          0          0 -0.0458957
  82.3904  -50.4172         0         0         0 -0.133299
  82.6299  -50.4943         0         0         0 -0.187666
   82.742  -50.5464         0         0         0 -0.244175
  82.8821  -50.6396         0         0         0 -0.336637
  83.0331  -50.7888         0         0         0 -0.390731
  83.0611  -50.8183         0         0         0 -0.390731
  83.2094  -50.9752         0         0         0 -0.393987
  83.2927  -51.0641         0         0         0 -0.398749
  83.5286  -51.3635         0         0         0 -0.491025
  83.5467  -51.3942         0         0         0 -0.502678
  83.6371   -51.589         0         0         0 -0.551937
  83.6512  -51.6225         0         0         0 -0.552793
  83.7328  -51.8218         0         0         0 -0.556226
  83.7462  -51.8544         0         0         0 -0.551937
  83.8311  -52.0517         0         0         0 -0.544639
  83.8461  -52.0861         0         0         0 -0.544639
  83.9312  -52.2789         0         0         0 -0.544639
  83.9462  -52.3133         0         0         0 -0.544639
  84.0293  -52.5026         0         0         0 -0.546958
  84.0462  -52.5413         0         0         0 -0.551937
  84.1293  -52.7344         0         0         0 -0.544639
  84.1462  -52.7732         0         0         0 -0.544639
  84.2284  -52.9637         0         0         0 -0.549611
  84.2452  -53.0024         0         0         0 -0.544639
  84.3301  -53.1961         0         0         0 -0.548981
   84.345  -53.2307         0         0         0 -0.544639
  84.4302  -53.4237         0         0         0 -0.534262
  84.4849  -53.5321         0         0         0 -0.516315
  84.6443  -53.8271         0         0         0 -0.515038
  84.7248  -53.9744         0         0         0 -0.508805
  84.9066  -54.3086         0         0         0 -0.509911
  84.9669  -54.4184         0         0         0 -0.515038
  85.1478  -54.7519         0         0         0 -0.511988
   85.207  -54.8596         0         0         0 -0.500952
  85.4079  -55.1757         0         0         0 -0.477159
  85.5464  -55.3894         0         0         0 -0.477159
  85.5693  -55.4246         0         0         0 -0.477159
  85.6835  -55.5993         0         0         0 -0.477159
  85.7066  -55.6341         0         0         0 -0.477159
  85.8204  -55.8076         0         0         0 -0.477159
  85.8436  -55.8432         0         0         0 -0.477159
  85.9574  -56.0165         0         0         0 -0.477159
  85.9806  -56.0522         0         0         0 -0.477159
  86.0844  -56.2101         0         0         0 -0.477159
